tests/testdata/Slottskogen.asc
ncols        400
nrows        200
xllcorner    146200.000000000000
yllcorner    6396500.000000000000
cellsize     0.500000000000
NODATA_value  -9999
[rows 76 to 94 of 200, columns 205 to 245 of 400]
49.81999969482421875 49.869998931884765625 49.939998626708984375 49.990001678466796875 50.04000091552734375 50.189998626708984375 50.299999237060546875 50.369998931884765625 50.549999237060546875 50.729999542236328125 50.81999969482421875 50.840000152587890625 51.009998321533203125 51.3300018310546875 51.479999542236328125 51.630001068115234375 51.840000152587890625 51.869998931884765625 52.06999969482421875 52.340000152587890625 52.630001068115234375 52.799999237060546875 53.009998321533203125 53.34999847412109375 53.45999908447265625 53.5 53.439998626708984375 53.45999908447265625 53.560001373291015625 53.65000152587890625 53.759998321533203125 53.95999908447265625 54.15000152587890625 54.34999847412109375 54.470001220703125 54.70999908447265625 54.81999969482421875 54.95999908447265625 54.95999908447265625 55.200000762939453125 55.09999847412109375
49.799999237060546875 49.840000152587890625 49.9199981689453125 49.990001678466796875 50.049999237060546875 50.159999847412109375 50.31999969482421875 50.369998931884765625 50.54000091552734375 50.6100006103515625 50.740001678466796875 50.759998321533203125 50.970001220703125 51.25 51.479999542236328125 51.6100006103515625 51.770000457763671875 51.970001220703125 52.25 52.529998779296875 52.700000762939453125 52.81999969482421875 52.970001220703125 53.1699981689453125 53.43000030517578125 53.520000457763671875 53.520000457763671875 53.59999847412109375 53.700000762939453125 53.79000091552734375 53.970001220703125 54.1399993896484375 54.3300018310546875 54.54000091552734375 54.740001678466796875 54.810001373291015625 54.909999847412109375 55.04000091552734375 55 55.259998321533203125 55.130001068115234375
49.810001373291015625 49.869998931884765625 49.90000152587890625 49.970001220703125 50.049999237060546875 50.1399993896484375 50.279998779296875 50.45999908447265625 50.490001678466796875 50.54000091552734375 50.630001068115234375 50.729999542236328125 50.90000152587890625 51.090000152587890625 51.270000457763671875 51.529998779296875 51.740001678466796875 51.95999908447265625 52.229999542236328125 52.560001373291015625 52.729999542236328125 52.799999237060546875 52.84999847412109375 52.990001678466796875 53.20999908447265625 53.340000152587890625 53.470001220703125 53.659999847412109375 53.84999847412109375 53.950000762939453125 54.15000152587890625 54.3899993896484375 54.56999969482421875 54.75 54.90000152587890625 54.8899993896484375 54.950000762939453125 55 55.200000762939453125 55.29000091552734375 55.340000152587890625
49.8300018310546875 49.8899993896484375 49.90000152587890625 49.939998626708984375 49.979999542236328125 50.04000091552734375 50.18000030517578125 50.34999847412109375 50.43000030517578125 50.479999542236328125 50.549999237060546875 50.6399993896484375 50.79000091552734375 50.939998626708984375 51.159999847412109375 51.380001068115234375 51.59999847412109375 51.8899993896484375 52.090000152587890625 52.3600006103515625 52.6399993896484375 52.729999542236328125 52.75 52.8600006103515625 53.04000091552734375 53.15000152587890625 53.310001373291015625 53.54000091552734375 53.84999847412109375 54.04000091552734375 54.369998931884765625 54.529998779296875 54.740001678466796875 54.869998931884765625 54.9199981689453125 54.909999847412109375 54.939998626708984375 54.93000030517578125 55.1100006103515625 55.3600006103515625 55.439998626708984375
49.8600006103515625 49.93000030517578125 49.8899993896484375 49.869998931884765625 49.8899993896484375 50.009998321533203125 50.09999847412109375 50.259998321533203125 50.380001068115234375 50.4199981689453125 50.3899993896484375 50.490001678466796875 50.59999847412109375 50.75 50.909999847412109375 51.18000030517578125 51.479999542236328125 51.700000762939453125 51.939998626708984375 52.20999908447265625 52.5800018310546875 52.65000152587890625 52.6699981689453125 52.740001678466796875 52.9199981689453125 53 53.18000030517578125 53.3899993896484375 53.65000152587890625 53.95999908447265625 54.310001373291015625 54.529998779296875 54.689998626708984375 54.759998321533203125 54.90000152587890625 54.9199981689453125 54.939998626708984375 54.990001678466796875 55.259998321533203125 55.439998626708984375 55.520000457763671875
49.84999847412109375 49.840000152587890625 49.8600006103515625 49.8300018310546875 49.840000152587890625 49.95999908447265625 50.060001373291015625 50.259998321533203125 50.31999969482421875 50.29000091552734375 50.29000091552734375 50.34999847412109375 50.40000152587890625 50.549999237060546875 50.70999908447265625 50.990001678466796875 51.220001220703125 51.549999237060546875 51.779998779296875 51.939998626708984375 52.31999969482421875 52.59999847412109375 52.5800018310546875 52.65000152587890625 52.75 52.8899993896484375 53.0800018310546875 53.259998321533203125 53.490001678466796875 53.79000091552734375 54.0800018310546875 54.31999969482421875 54.5800018310546875 54.659999847412109375 54.909999847412109375 54.939998626708984375 54.9199981689453125 55.009998321533203125 55.220001220703125 55.54000091552734375 55.529998779296875
49.880001068115234375 49.8300018310546875 49.759998321533203125 49.779998779296875 49.81999969482421875 49.8600006103515625 49.939998626708984375 50.06999969482421875 50.090000152587890625 50.1399993896484375 50.15000152587890625 50.20999908447265625 50.29000091552734375 50.439998626708984375 50.59999847412109375 50.810001373291015625 51.020000457763671875 51.3600006103515625 51.56999969482421875 51.799999237060546875 52.049999237060546875 52.270000457763671875 52.470001220703125 52.630001068115234375 52.720001220703125 52.84999847412109375 53 53.189998626708984375 53.340000152587890625 53.65000152587890625 53.950000762939453125 54.159999847412109375 54.3600006103515625 54.6100006103515625 54.909999847412109375 54.950000762939453125 54.909999847412109375 55.020000457763671875 55.310001373291015625 55.529998779296875 55.5
49.90000152587890625 49.79000091552734375 49.770000457763671875 49.759998321533203125 49.720001220703125 49.770000457763671875 49.79000091552734375 49.840000152587890625 49.909999847412109375 50.020000457763671875 50.1100006103515625 50.15000152587890625 50.20999908447265625 50.31999969482421875 50.470001220703125 50.6399993896484375 50.810001373291015625 51.15000152587890625 51.3600006103515625 51.5800018310546875 51.79000091552734375 52.09999847412109375 52.3600006103515625 52.5 52.70999908447265625 52.799999237060546875 52.939998626708984375 53.090000152587890625 53.29000091552734375 53.560001373291015625 53.8300018310546875 53.979999542236328125 54.220001220703125 54.549999237060546875 54.81999969482421875 54.950000762939453125 54.93000030517578125 55.06999969482421875 55.189998626708984375 55.490001678466796875 55.43000030517578125
49.79000091552734375 49.779998779296875 49.729999542236328125 49.720001220703125 49.720001220703125 49.70999908447265625 49.68000030517578125 49.75 49.84999847412109375 49.95999908447265625 50.06999969482421875 50.1100006103515625 50.220001220703125 50.270000457763671875 50.369998931884765625 50.490001678466796875 50.68000030517578125 50.9199981689453125 51.1399993896484375 51.369998931884765625 51.5800018310546875 51.950000762939453125 52.20999908447265625 52.439998626708984375 52.659999847412109375 52.779998779296875 52.8899993896484375 53.06999969482421875 53.229999542236328125 53.470001220703125 53.700000762939453125 53.90000152587890625 54.189998626708984375 54.470001220703125 54.689998626708984375 54.880001068115234375 54.950000762939453125 55.1100006103515625 55.31999969482421875 55.40000152587890625 55.31999969482421875
49.740001678466796875 49.810001373291015625 49.75 49.70999908447265625 49.68000030517578125 49.68000030517578125 49.68000030517578125 49.68000030517578125 49.759998321533203125 49.93000030517578125 50.06999969482421875 50.1100006103515625 50.189998626708984375 50.279998779296875 50.409999847412109375 50.450000762939453125 50.56999969482421875 50.79000091552734375 51.060001373291015625 51.240001678466796875 51.409999847412109375 51.740001678466796875 52.090000152587890625 52.279998779296875 52.529998779296875 52.740001678466796875 52.990001678466796875 53.119998931884765625 53.220001220703125 53.409999847412109375 53.59999847412109375 53.840000152587890625 54.159999847412109375 54.43000030517578125 54.700000762939453125 54.84999847412109375 54.979999542236328125 55.15000152587890625 55.310001373291015625 55.270000457763671875 55.06999969482421875
49.689998626708984375 49.79000091552734375 49.770000457763671875 49.700000762939453125 49.6699981689453125 49.6699981689453125 49.720001220703125 49.740001678466796875 49.81999969482421875 49.970001220703125 50.04000091552734375 50.09999847412109375 50.200000762939453125 50.270000457763671875 50.34999847412109375 50.4199981689453125 50.59999847412109375 50.740001678466796875 50.93000030517578125 51.1399993896484375 51.369998931884765625 51.549999237060546875 51.840000152587890625 52.15000152587890625 52.4199981689453125 52.68000030517578125 52.990001678466796875 53.159999847412109375 53.240001678466796875 53.40000152587890625 53.59999847412109375 53.770000457763671875 54.090000152587890625 54.3899993896484375 54.689998626708984375 54.8300018310546875 54.95999908447265625 55.159999847412109375 55.25 55.09999847412109375 54.939998626708984375
49.729999542236328125 49.759998321533203125 49.700000762939453125 49.700000762939453125 49.68000030517578125 49.689998626708984375 49.720001220703125 49.779998779296875 49.8899993896484375 49.990001678466796875 50.060001373291015625 50.130001068115234375 50.20999908447265625 50.270000457763671875 50.34999847412109375 50.439998626708984375 50.560001373291015625 50.659999847412109375 50.8600006103515625 51.06999969482421875 51.259998321533203125 51.5 51.720001220703125 51.990001678466796875 52.29000091552734375 52.5800018310546875 52.939998626708984375 53.159999847412109375 53.25 53.4199981689453125 53.549999237060546875 53.770000457763671875 53.990001678466796875 54.220001220703125 54.549999237060546875 54.770000457763671875 55.009998321533203125 55.1399993896484375 55.090000152587890625 54.95999908447265625 54.909999847412109375
49.759998321533203125 49.729999542236328125 49.729999542236328125 49.75 49.720001220703125 49.70999908447265625 49.75 49.799999237060546875 49.93000030517578125 50.029998779296875 50.0800018310546875 50.130001068115234375 50.200000762939453125 50.270000457763671875 50.299999237060546875 50.450000762939453125 50.54000091552734375 50.630001068115234375 50.770000457763671875 50.950000762939453125 51.159999847412109375 51.34999847412109375 51.6699981689453125 51.9199981689453125 52.18000030517578125 52.490001678466796875 52.770000457763671875 53.09999847412109375 53.229999542236328125 53.369998931884765625 53.529998779296875 53.659999847412109375 53.869998931884765625 54.200000762939453125 54.450000762939453125 54.630001068115234375 54.8899993896484375 55.020000457763671875 54.970001220703125 54.939998626708984375 54.909999847412109375
49.810001373291015625 49.8300018310546875 49.779998779296875 49.759998321533203125 49.700000762939453125 49.720001220703125 49.770000457763671875 49.8300018310546875 49.95999908447265625 49.990001678466796875 50.04000091552734375 50.119998931884765625 50.200000762939453125 50.29000091552734375 50.409999847412109375 50.479999542236328125 50.529998779296875 50.59999847412109375 50.75 50.8899993896484375 51.06999969482421875 51.270000457763671875 51.54000091552734375 51.779998779296875 52.0800018310546875 52.409999847412109375 52.68000030517578125 52.970001220703125 53.1100006103515625 53.279998779296875 53.490001678466796875 53.689998626708984375 53.8899993896484375 54.18000030517578125 54.380001068115234375 54.6100006103515625 54.869998931884765625 54.93000030517578125 54.93000030517578125 54.939998626708984375 54.95999908447265625
49.880001068115234375 49.90000152587890625 49.81999969482421875 49.729999542236328125 49.68000030517578125 49.729999542236328125 49.799999237060546875 49.8300018310546875 49.90000152587890625 49.970001220703125 50.060001373291015625 50.06999969482421875 50.18000030517578125 50.29000091552734375 50.40000152587890625 50.509998321533203125 50.5 50.560001373291015625 50.700000762939453125 50.8600006103515625 51.049999237060546875 51.220001220703125 51.470001220703125 51.720001220703125 52.009998321533203125 52.20999908447265625 52.59999847412109375 52.81999969482421875 53.04000091552734375 53.18000030517578125 53.43000030517578125 53.729999542236328125 53.950000762939453125 54.159999847412109375 54.340000152587890625 54.56999969482421875 54.81999969482421875 54.9199981689453125 54.95999908447265625 54.95999908447265625 54.979999542236328125
49.869998931884765625 49.880001068115234375 49.810001373291015625 49.759998321533203125 49.70999908447265625 49.700000762939453125 49.779998779296875 49.810001373291015625 49.9199981689453125 49.970001220703125 50.020000457763671875 50.1100006103515625 50.159999847412109375 50.25 50.3600006103515625 50.439998626708984375 50.490001678466796875 50.59999847412109375 50.720001220703125 50.84999847412109375 51.029998779296875 51.25 51.45999908447265625 51.630001068115234375 51.8300018310546875 52.18000030517578125 52.4199981689453125 52.65000152587890625 53 53.159999847412109375 53.450000762939453125 53.720001220703125 53.939998626708984375 54.060001373291015625 54.25 54.470001220703125 54.720001220703125 54.8899993896484375 54.95999908447265625 54.990001678466796875 55
49.75 49.810001373291015625 49.810001373291015625 49.759998321533203125 49.740001678466796875 49.759998321533203125 49.779998779296875 49.840000152587890625 49.9199981689453125 49.979999542236328125 50.06999969482421875 50.119998931884765625 50.220001220703125 50.270000457763671875 50.34999847412109375 50.40000152587890625 50.479999542236328125 50.630001068115234375 50.79000091552734375 50.939998626708984375 51.1100006103515625 51.270000457763671875 51.479999542236328125 51.759998321533203125 51.979999542236328125 52.1399993896484375 52.369998931884765625 52.689998626708984375 52.93000030517578125 53.130001068115234375 53.490001678466796875 53.759998321533203125 53.9199981689453125 54.009998321533203125 54.1699981689453125 54.270000457763671875 54.490001678466796875 54.799999237060546875 54.95999908447265625 55.06999969482421875 55.090000152587890625
49.6699981689453125 49.720001220703125 49.75 49.799999237060546875 49.799999237060546875 49.75 49.799999237060546875 49.8899993896484375 49.95999908447265625 50.029998779296875 50.09999847412109375 50.189998626708984375 50.299999237060546875 50.3300018310546875 50.40000152587890625 50.450000762939453125 50.529998779296875 50.70999908447265625 50.8300018310546875 51.020000457763671875 51.189998626708984375 51.3899993896484375 51.56999969482421875 51.770000457763671875 51.990001678466796875 52.1399993896484375 52.340000152587890625 52.689998626708984375 52.8899993896484375 53.06999969482421875 53.450000762939453125 53.720001220703125 53.810001373291015625 53.970001220703125 54.119998931884765625 54.270000457763671875 54.45999908447265625 54.770000457763671875 54.95999908447265625 55.09999847412109375 55.18000030517578125
49.619998931884765625 49.659999847412109375 49.6699981689453125 49.68000030517578125 49.720001220703125 49.770000457763671875 49.939998626708984375 49.95999908447265625 49.990001678466796875 50.090000152587890625 50.1699981689453125 50.25 50.3600006103515625 50.439998626708984375 50.659999847412109375 50.81999969482421875 50.880001068115234375 51.06999969482421875 51.25 51.25 51.40000152587890625 51.509998321533203125 51.740001678466796875 51.840000152587890625 52.009998321533203125 52.189998626708984375 52.3600006103515625 52.6100006103515625 52.8300018310546875 53.0800018310546875 53.4199981689453125 53.59999847412109375 53.740001678466796875 53.939998626708984375 54.09999847412109375 54.25 54.4199981689453125 54.6699981689453125 54.950000762939453125 55.159999847412109375 55.220001220703125
