tests/testdata/Slottskogen.asc
ncols        322
nrows        178
xllcorner    316972.000000000000
yllcorner    6397551.000000000000
cellsize     2.000000000000
NODATA_value  -9999
[rows 92 to 114 of 178, columns 208 to 259 of 322]
37.8232421875 37.873046875 37.9541015625 37.9892578125 38.0888671875 38.185546875 38.267578125 38.333984375 38.396484375 38.4814453125 38.603515625 38.73046875 38.8330078125 38.89453125 38.9873046875 39.0595703125 39.16015625 39.28515625 39.38671875 39.4873046875 39.6357421875 39.783203125 39.93359375 40.1083984375 40.2880859375 40.4248046875 40.56640625 40.7958984375 40.9228515625 41.078125 41.2236328125 41.3564453125 41.4951171875 41.7021484375 41.9267578125 42.03515625 42.1298828125 42.375 42.650390625 42.7939453125 42.8984375 43.013671875 43.1259765625 43.2392578125 43.4658203125 43.6005859375 43.62109375 43.8671875 44.6982421875 45.9326171875 45.9365234375 45.8173828125
37.919921875 37.958984375 38.0166015625 38.0712890625 38.16796875 38.3369140625 38.3857421875 38.3935546875 38.4775390625 38.4443359375 38.56640625 38.68359375 38.732421875 38.8134765625 38.9140625 39.0322265625 39.0810546875 39.1943359375 39.3369140625 39.4599609375 39.6240234375 39.76953125 39.8994140625 40.103515625 40.2412109375 40.3779296875 40.5166015625 40.6845703125 40.80078125 40.98046875 41.1435546875 41.2822265625 41.4072265625 41.482421875 41.6455078125 41.7412109375 41.88671875 42.0361328125 42.177734375 42.2744140625 42.47265625 42.5390625 42.67578125 42.8544921875 43.013671875 43.091796875 43.1748046875 43.3486328125 43.458984375 43.7744140625 44.03515625 44.2119140625
37.9951171875 38.0751953125 38.1171875 38.154296875 38.23046875 38.373046875 38.4541015625 38.490234375 38.521484375 38.4814453125 38.5947265625 38.6171875 38.7177734375 38.8623046875 38.9404296875 39.0166015625 39.1015625 39.228515625 39.34765625 39.4599609375 39.607421875 39.7177734375 39.8916015625 40.091796875 40.208984375 40.3408203125 40.4814453125 40.662109375 40.8115234375 40.9482421875 41.078125 41.1611328125 41.2939453125 41.4501953125 41.5576171875 41.697265625 41.806640625 41.8701171875 41.953125 42.044921875 42.1455078125 42.2412109375 42.3310546875 42.451171875 42.626953125 42.701171875 42.833984375 42.9404296875 43.0869140625 43.3271484375 43.4560546875 43.5576171875
38.1162109375 38.15234375 38.2314453125 38.26953125 38.37109375 38.41796875 38.48046875 38.5009765625 38.5205078125 38.556640625 38.57421875 38.6826171875 38.7529296875 38.8681640625 38.919921875 39.0185546875 39.0908203125 39.2236328125 39.396484375 39.5380859375 39.703125 39.83984375 39.9970703125 40.162109375 40.287109375 40.390625 40.4765625 40.630859375 40.7890625 40.9326171875 41.0830078125 41.224609375 41.34375 41.43359375 41.52734375 41.638671875 41.708984375 41.8046875 41.916015625 42.0205078125 42.099609375 42.1591796875 42.2109375 42.2626953125 42.333984375 42.390625 42.505859375 42.5966796875 42.7255859375 42.8642578125 43.017578125 43.142578125
38.185546875 38.2568359375 38.294921875 38.3642578125 38.423828125 38.435546875 38.4814453125 38.52734375 38.55078125 38.5517578125 38.611328125 38.669921875 38.783203125 38.869140625 38.9306640625 39.041015625 39.1396484375 39.28125 39.515625 39.62890625 39.8125 39.9716796875 40.1494140625 40.3359375 40.4482421875 40.6171875 40.7744140625 40.9169921875 40.93359375 40.9912109375 41.0205078125 41.1318359375 41.294921875 41.44140625 41.5302734375 41.6513671875 41.72265625 41.8154296875 41.900390625 41.953125 42.0126953125 42.056640625 42.162109375 42.2333984375 42.333984375 42.359375 42.388671875 42.4384765625 42.515625 42.591796875 42.6884765625 42.7275390625
38.3046875 38.392578125 38.40234375 38.412109375 38.478515625 38.5244140625 38.5498046875 38.5380859375 38.537109375 38.599609375 38.61328125 38.7255859375 38.8037109375 38.87109375 38.9560546875 39.119140625 39.228515625 39.3984375 39.607421875 39.6982421875 39.9296875 40.1337890625 40.28515625 40.455078125 40.6845703125 40.88671875 41.0234375 41.1650390625 41.3115234375 41.51953125 41.525390625 41.51171875 41.50390625 41.5 41.5927734375 41.5791015625 41.7041015625 41.8134765625 41.896484375 41.9970703125 42.0556640625 42.1201171875 42.154296875 42.189453125 42.2119140625 42.2822265625 42.3408203125 42.4140625 42.4892578125 42.5146484375 42.564453125 42.59765625
38.3681640625 38.439453125 38.455078125 38.4541015625 38.5048828125 38.5703125 38.578125 38.5068359375 38.5849609375 38.6396484375 38.6591796875 38.73828125 38.7890625 38.91015625 39.0283203125 39.158203125 39.287109375 39.4931640625 39.6357421875 39.8681640625 40.1455078125 40.2763671875 40.435546875 40.728515625 40.96484375 41.1943359375 41.3916015625 41.53125 41.6328125 41.80078125 41.9013671875 41.8701171875 41.9140625 42.07421875 41.916015625 41.892578125 41.8642578125 41.8759765625 41.90625 41.9404296875 42.0546875 42.0966796875 42.169921875 42.248046875 42.279296875 42.3212890625 42.3486328125 42.369140625 42.3935546875 42.4228515625 42.5029296875 42.537109375
38.37109375 38.46875 38.529296875 38.4951171875 38.51171875 38.5947265625 38.587890625 38.5146484375 38.638671875 38.6708984375 38.73046875 38.775390625 38.8330078125 38.94921875 39.0927734375 39.2236328125 39.3466796875 39.525390625 39.7021484375 39.9072265625 40.1787109375 40.3212890625 40.7255859375 41.11328125 41.318359375 41.53125 41.7109375 41.9091796875 42.1591796875 42.27734375 42.220703125 42.1337890625 42.1455078125 42.345703125 42.302734375 42.2490234375 42.287109375 42.23046875 42.1962890625 42.1201171875 42.0927734375 42.1025390625 42.166015625 42.205078125 42.2958984375 42.337890625 42.3876953125 42.427734375 42.4521484375 42.4736328125 42.46484375 42.4677734375
38.3740234375 38.4716796875 38.5693359375 38.6181640625 38.5986328125 38.6376953125 38.5771484375 38.6474609375 38.6923828125 38.728515625 38.7890625 38.84765625 38.9208984375 39.0234375 39.158203125 39.2998046875 39.396484375 39.568359375 39.7958984375 39.990234375 40.2861328125 40.7724609375 41.26171875 41.5849609375 41.6630859375 41.7890625 41.95703125 42.0849609375 42.2880859375 42.365234375 42.38671875 42.3583984375 42.333984375 42.3720703125 42.375 42.4072265625 42.4638671875 42.4853515625 42.45703125 42.4140625 42.3310546875 42.2294921875 42.1826171875 42.234375 42.283203125 42.333984375 42.3857421875 42.44921875 42.4560546875 42.494140625 42.509765625 42.505859375
38.3759765625 38.474609375 38.572265625 38.669921875 38.693359375 38.66796875 38.7197265625 38.6796875 38.7138671875 38.76953125 38.83203125 38.93359375 39.0322265625 39.15234375 39.26953125 39.365234375 39.462890625 39.6640625 39.92578125 40.1806640625 40.529296875 40.9931640625 41.7197265625 41.8466796875 41.986328125 42.046875 42.28125 42.4619140625 42.6201171875 42.564453125 42.5205078125 42.470703125 42.455078125 42.54296875 42.513671875 42.513671875 42.5673828125 42.6259765625 42.697265625 42.673828125 42.5771484375 42.4248046875 42.30859375 42.2470703125 42.2900390625 42.3193359375 42.3857421875 42.4111328125 42.4384765625 42.443359375 42.4921875 42.50390625
38.37890625 38.4765625 38.5751953125 38.6806640625 38.8037109375 38.7109375 38.7080078125 38.734375 38.765625 38.8310546875 38.9345703125 39.0322265625 39.142578125 39.2802734375 39.373046875 39.4541015625 39.5625 39.84765625 40.1328125 40.400390625 40.7607421875 41.3515625 41.81640625 42.0673828125 42.1513671875 42.2138671875 42.5146484375 42.8134765625 42.8271484375 42.7548828125 42.6328125 42.5947265625 42.5625 42.576171875 42.650390625 42.8154296875 42.9375 42.9453125 42.9384765625 42.953125 42.8232421875 42.6982421875 42.578125 42.357421875 42.330078125 42.3515625 42.419921875 42.4169921875 42.4482421875 42.46484375 42.5078125 42.474609375
38.3818359375 38.4833984375 38.5888671875 38.7265625 38.80859375 38.72265625 38.7119140625 38.7734375 38.853515625 38.94140625 39.0380859375 39.1240234375 39.2197265625 39.3447265625 39.44921875 39.5703125 39.7216796875 40.0126953125 40.3349609375 40.6943359375 41.173828125 41.564453125 42.041015625 42.251953125 42.4208984375 42.427734375 42.6923828125 42.8095703125 42.9267578125 42.9990234375 42.77734375 42.697265625 42.74609375 42.802734375 42.923828125 43.1611328125 43.5625 43.716796875 43.4365234375 43.2333984375 43.2021484375 42.9609375 42.8994140625 42.8212890625 42.4501953125 42.408203125 42.4345703125 42.4609375 42.48828125 42.4619140625 42.4853515625 42.4599609375
38.392578125 38.49609375 38.6328125 38.763671875 38.84375 38.7314453125 38.818359375 38.83203125 38.91796875 39.029296875 39.1376953125 39.2275390625 39.2880859375 39.4130859375 39.576171875 39.6904296875 39.9169921875 40.19921875 40.4482421875 40.8427734375 41.2646484375 41.8271484375 42.1494140625 42.3310546875 42.640625 42.72265625 42.7236328125 42.822265625 42.986328125 43.0751953125 42.94140625 42.796875 42.9228515625 43.02734375 43.40234375 43.794921875 44.2080078125 44.482421875 44.208984375 43.6728515625 43.4296875 43.27734375 43.234375 42.970703125 42.7841796875 42.513671875 42.494140625 42.4873046875 42.5341796875 42.515625 42.5029296875 42.490234375
38.43359375 38.5302734375 38.6162109375 38.8203125 38.779296875 38.7900390625 38.9169921875 38.923828125 38.966796875 39.1708984375 39.234375 39.359375 39.408203125 39.548828125 39.681640625 39.8310546875 40.1103515625 40.3544921875 40.7490234375 41.0458984375 41.3798828125 41.7138671875 41.9853515625 42.3486328125 42.560546875 42.654296875 42.7119140625 42.630859375 42.7861328125 42.8125 42.89453125 43.0244140625 43.2158203125 43.5390625 44.1240234375 44.43359375 44.736328125 44.82421875 44.99609375 44.90625 43.8720703125 43.7314453125 43.6376953125 43.3515625 43.1806640625 42.830078125 42.57421875 42.5390625 42.5185546875 42.5654296875 42.5068359375 42.5654296875
38.71484375 38.67578125 38.763671875 38.7333984375 38.78125 38.9189453125 39.08984375 39.1044921875 39.1826171875 39.3486328125 39.40234375 39.5048828125 39.6376953125 39.73046875 39.85546875 40.0859375 40.4658203125 40.607421875 41.0048828125 41.31640625 41.705078125 41.8330078125 41.96484375 42.2666015625 42.345703125 42.431640625 42.5185546875 42.587890625 42.71875 42.9013671875 43.1953125 43.349609375 43.7666015625 44.388671875 44.7587890625 44.966796875 45.4560546875 45.693359375 45.8154296875 45.4560546875 44.5126953125 44.400390625 44.1240234375 43.6611328125 43.39453125 43.0927734375 42.8974609375 42.580078125 42.546875 42.5869140625 42.5380859375 42.4990234375
39.0380859375 39.09765625 39.0830078125 39.037109375 39.1474609375 39.173828125 39.2294921875 39.333984375 39.404296875 39.5234375 39.5888671875 39.716796875 39.857421875 39.990234375 40.1220703125 40.537109375 40.7578125 40.8779296875 41.2509765625 41.7021484375 41.87890625 41.935546875 42.0751953125 42.1201171875 42.2255859375 42.39453125 42.5029296875 42.7470703125 42.83203125 43.2001953125 43.4951171875 43.869140625 44.3017578125 44.708984375 45.0771484375 45.31640625 45.99609375 46.2314453125 46.2734375 45.9248046875 45.1025390625 44.73828125 44.482421875 43.984375 43.5107421875 43.2880859375 43.150390625 42.7861328125 42.8349609375 42.68359375 42.583984375 42.53515625
39.1396484375 39.22265625 39.228515625 39.30078125 39.3994140625 39.4130859375 39.4560546875 39.5322265625 39.623046875 39.7373046875 39.884765625 39.9404296875 40.166015625 40.2783203125 40.404296875 40.6533203125 40.9169921875 41.1064453125 41.513671875 41.7197265625 41.8857421875 42.0302734375 42.2578125 42.333984375 42.4765625 42.4443359375 42.6552734375 42.880859375 43.2587890625 43.5576171875 43.7890625 44.1943359375 44.5263671875 45.0703125 45.439453125 45.8740234375 46.5830078125 46.5400390625 46.3779296875 46.2509765625 45.8134765625 45.205078125 44.9365234375 44.3193359375 43.755859375 43.4921875 43.279296875 43.029296875 43.0830078125 43.11328125 42.982421875 42.8203125
39.265625 39.3828125 39.4287109375 39.505859375 39.642578125 39.7705078125 39.7578125 39.9208984375 39.9384765625 40.01953125 40.18359375 40.3134765625 40.4306640625 40.4951171875 40.6337890625 40.9013671875 41.1220703125 41.4189453125 41.6982421875 41.849609375 41.9677734375 42.09765625 42.4052734375 42.8671875 42.8896484375 42.728515625 42.7353515625 42.9775390625 43.416015625 43.7607421875 44.0009765625 44.341796875 44.8857421875 45.359375 45.76171875 46.48046875 46.701171875 46.5830078125 46.6162109375 46.2578125 45.8193359375 45.537109375 45.521484375 45.275390625 44.544921875 43.73046875 43.41015625 43.2265625 43.2431640625 43.19140625 43.138671875 43.0703125
39.501953125 39.599609375 39.7119140625 39.8671875 39.8564453125 40.046875 40.140625 40.19140625 40.2255859375 40.259765625 40.4208984375 40.5478515625 40.626953125 40.7255859375 41.1318359375 41.31640625 41.435546875 41.7626953125 41.978515625 42.103515625 42.234375 42.4521484375 43.0205078125 43.0810546875 43.1015625 42.8740234375 42.84375 43.03515625 43.3115234375 43.828125 44.2275390625 44.6220703125 45.0927734375 45.5751953125 45.8740234375 46.435546875 46.4873046875 46.5126953125 46.4169921875 46.197265625 45.6904296875 45.572265625 45.7314453125 45.5546875 44.876953125 43.9248046875 43.55078125 43.419921875 43.5146484375 43.4296875 43.3671875 43.359375
39.7744140625 39.92578125 40.0966796875 40.267578125 40.3603515625 40.5654296875 40.611328125 40.65625 40.62109375 40.60546875 40.650390625 40.7490234375 40.8818359375 41.0087890625 41.279296875 41.650390625 41.84765625 42.015625 42.2734375 42.5478515625 43.09765625 43.11328125 43.4560546875 43.4609375 43.2685546875 43.078125 42.998046875 43.0673828125 43.255859375 43.6435546875 44.4541015625 44.982421875 45.265625 45.533203125 45.9228515625 46.236328125 46.4755859375 46.580078125 46.5087890625 46.28515625 45.91796875 45.89453125 45.828125 45.482421875 44.8125 44.0068359375 43.6640625 43.83984375 43.8876953125 43.8544921875 43.5849609375 43.544921875
40.53125 40.2802734375 40.4267578125 40.5966796875 40.927734375 41.203125 41.2412109375 41.2158203125 41.146484375 40.9921875 40.986328125 41.2119140625 41.3173828125 41.4814453125 41.9580078125 42.4072265625 42.3330078125 42.40234375 42.64453125 43.2236328125 43.7939453125 43.802734375 43.8466796875 43.6484375 43.29296875 43.177734375 43.130859375 43.1318359375 43.26953125 43.5302734375 44.4873046875 45.2568359375 45.5078125 45.697265625 46.0146484375 46.4013671875 46.6923828125 46.6376953125 46.494140625 46.4814453125 46.423828125 46.3974609375 45.9462890625 45.5087890625 44.6806640625 44.0361328125 43.8046875 43.9189453125 44.083984375 43.8759765625 43.9033203125 43.84765625
40.7734375 40.7978515625 40.9111328125 41.1279296875 41.4716796875 41.81640625 41.927734375 41.8203125 41.7421875 41.5908203125 41.46875 41.5380859375 41.7265625 42.0859375 42.642578125 42.9970703125 43 42.9384765625 43.146484375 43.8310546875 44.2578125 44.2607421875 44.1533203125 44.0712890625 43.6953125 43.203125 43.150390625 43.2626953125 43.3173828125 43.5390625 44.326171875 45.302734375 45.6064453125 45.783203125 46.0849609375 46.5390625 46.66015625 46.734375 46.6650390625 46.7861328125 46.720703125 46.453125 46.2578125 45.6142578125 44.56640625 44.1083984375 44.048828125 44.0908203125 44.1787109375 44.0888671875 44.13671875 44.0439453125
41.568359375 41.6728515625 41.77734375 42.0947265625 42.4248046875 42.791015625 42.802734375 42.587890625 42.3974609375 42.107421875 41.888671875 41.947265625 42.0625 42.52734375 42.935546875 43.08984375 43.1171875 43.1962890625 43.5615234375 44.0849609375 44.220703125 44.2353515625 44.21875 44.291015625 44.1767578125 43.576171875 43.4072265625 43.4423828125 43.4951171875 43.7509765625 44.107421875 44.51953125 45.169921875 45.5927734375 46.091796875 46.3828125 46.4921875 46.6767578125 46.5087890625 46.8037109375 46.8173828125 46.5810546875 46.341796875 45.3701171875 44.58203125 44.2744140625 44.3154296875 44.2470703125 44.2158203125 44.1806640625 44.169921875 44.2138671875
