tests/testdata/Slottskogen.asc
ncols        400
nrows        200
xllcorner    146200.000000000000
yllcorner    6396500.000000000000
cellsize     0.500000000000
NODATA_value  -9999
[rows 114 to 132 of 200, columns 287 to 327 of 400]
57.09999847412109375 57.20999908447265625 57.34999847412109375 57.380001068115234375 57.450000762939453125 57.5800018310546875 57.720001220703125 57.84999847412109375 57.869998931884765625 57.909999847412109375 57.950000762939453125 57.909999847412109375 57.84999847412109375 57.729999542236328125 57.590000152587890625 57.470001220703125 57.380001068115234375 57.3300018310546875 57.310001373291015625 57.25 57.159999847412109375 57.119998931884765625 57.15000152587890625 57.159999847412109375 57.020000457763671875 56.979999542236328125 56.9199981689453125 56.840000152587890625 56.689998626708984375 56.56999969482421875 56.5 56.479999542236328125 56.470001220703125 56.490001678466796875 56.549999237060546875 56.5800018310546875 56.5800018310546875 56.59999847412109375 56.520000457763671875 56.4199981689453125 56.340000152587890625
57.1399993896484375 57.3899993896484375 57.5800018310546875 57.5 57.549999237060546875 57.6699981689453125 57.869998931884765625 58.020000457763671875 58.049999237060546875 58.04000091552734375 58.049999237060546875 58.009998321533203125 57.9199981689453125 57.799999237060546875 57.65000152587890625 57.5800018310546875 57.450000762939453125 57.34999847412109375 57.3600006103515625 57.299999237060546875 57.240001678466796875 57.200000762939453125 57.200000762939453125 57.270000457763671875 57.259998321533203125 57.200000762939453125 57.06999969482421875 56.909999847412109375 56.759998321533203125 56.619998931884765625 56.54000091552734375 56.490001678466796875 56.439998626708984375 56.470001220703125 56.560001373291015625 56.6100006103515625 56.68000030517578125 56.6699981689453125 56.560001373291015625 56.40000152587890625 56.31999969482421875
57.220001220703125 57.5 57.659999847412109375 57.590000152587890625 57.68000030517578125 57.779998779296875 58.04000091552734375 58.130001068115234375 58.15000152587890625 58.159999847412109375 58.15000152587890625 58.0800018310546875 57.979999542236328125 57.8899993896484375 57.810001373291015625 57.75 57.65000152587890625 57.509998321533203125 57.439998626708984375 57.340000152587890625 57.310001373291015625 57.25 57.220001220703125 57.279998779296875 57.31999969482421875 57.240001678466796875 57.159999847412109375 56.979999542236328125 56.799999237060546875 56.659999847412109375 56.59999847412109375 56.549999237060546875 56.490001678466796875 56.509998321533203125 56.549999237060546875 56.65000152587890625 56.740001678466796875 56.740001678466796875 56.619998931884765625 56.40000152587890625 56.310001373291015625
57.25 57.54000091552734375 57.70999908447265625 57.68000030517578125 57.740001678466796875 57.840000152587890625 58.159999847412109375 58.220001220703125 58.229999542236328125 58.189998626708984375 58.18000030517578125 58.159999847412109375 58.1100006103515625 58.060001373291015625 58.009998321533203125 57.880001068115234375 57.770000457763671875 57.70999908447265625 57.619998931884765625 57.439998626708984375 57.340000152587890625 57.299999237060546875 57.279998779296875 57.299999237060546875 57.340000152587890625 57.29000091552734375 57.189998626708984375 57.04000091552734375 56.8600006103515625 56.729999542236328125 56.65000152587890625 56.590000152587890625 56.549999237060546875 56.529998779296875 56.6100006103515625 56.720001220703125 56.79000091552734375 56.779998779296875 56.6399993896484375 56.40000152587890625 56.3300018310546875
57.270000457763671875 57.479999542236328125 57.65000152587890625 57.689998626708984375 57.869998931884765625 58.200000762939453125 58.259998321533203125 58.310001373291015625 58.310001373291015625 58.29000091552734375 58.25 58.279998779296875 58.310001373291015625 58.310001373291015625 58.229999542236328125 58.159999847412109375 57.990001678466796875 57.8899993896484375 57.810001373291015625 57.560001373291015625 57.43000030517578125 57.34999847412109375 57.31999969482421875 57.340000152587890625 57.3300018310546875 57.3300018310546875 57.220001220703125 57.0800018310546875 56.90000152587890625 56.8300018310546875 56.759998321533203125 56.6699981689453125 56.59999847412109375 56.59999847412109375 56.6699981689453125 56.810001373291015625 56.799999237060546875 56.770000457763671875 56.659999847412109375 56.4199981689453125 56.34999847412109375
57.3300018310546875 57.560001373291015625 57.880001068115234375 58 58.20999908447265625 58.34999847412109375 58.3600006103515625 58.3899993896484375 58.3899993896484375 58.380001068115234375 58.380001068115234375 58.409999847412109375 58.470001220703125 58.529998779296875 58.54000091552734375 58.439998626708984375 58.299999237060546875 58.20999908447265625 58.009998321533203125 57.770000457763671875 57.590000152587890625 57.439998626708984375 57.369998931884765625 57.3600006103515625 57.380001068115234375 57.3600006103515625 57.240001678466796875 57.119998931884765625 57 56.93000030517578125 56.840000152587890625 56.79000091552734375 56.70999908447265625 56.700000762939453125 56.759998321533203125 56.799999237060546875 56.79000091552734375 56.79000091552734375 56.590000152587890625 56.34999847412109375 56.31999969482421875
57.200000762939453125 57.549999237060546875 57.9199981689453125 58.130001068115234375 58.34999847412109375 58.340000152587890625 58.3600006103515625 58.45999908447265625 58.509998321533203125 58.490001678466796875 58.509998321533203125 58.529998779296875 58.56999969482421875 58.65000152587890625 58.68000030517578125 58.630001068115234375 58.590000152587890625 58.470001220703125 58.240001678466796875 58.029998779296875 57.799999237060546875 57.56999969482421875 57.439998626708984375 57.3899993896484375 57.3899993896484375 57.310001373291015625 57.229999542236328125 57.15000152587890625 57.09999847412109375 56.979999542236328125 56.8899993896484375 56.8600006103515625 56.759998321533203125 56.770000457763671875 56.779998779296875 56.779998779296875 56.75 56.729999542236328125 56.509998321533203125 56.3600006103515625 56.299999237060546875
57.049999237060546875 57.40000152587890625 57.70999908447265625 58.009998321533203125 58.220001220703125 58.270000457763671875 58.369998931884765625 58.54000091552734375 58.590000152587890625 58.619998931884765625 58.630001068115234375 58.659999847412109375 58.6399993896484375 58.720001220703125 58.75 58.720001220703125 58.700000762939453125 58.630001068115234375 58.54000091552734375 58.29000091552734375 58.04000091552734375 57.81999969482421875 57.59999847412109375 57.439998626708984375 57.369998931884765625 57.31999969482421875 57.310001373291015625 57.279998779296875 57.200000762939453125 57.04000091552734375 56.950000762939453125 56.90000152587890625 56.840000152587890625 56.8300018310546875 56.8300018310546875 56.779998779296875 56.70999908447265625 56.59999847412109375 56.470001220703125 56.40000152587890625 56.340000152587890625
56.990001678466796875 57.270000457763671875 57.5 57.68000030517578125 57.939998626708984375 58.09999847412109375 58.3300018310546875 58.520000457763671875 58.700000762939453125 58.70999908447265625 58.700000762939453125 58.729999542236328125 58.740001678466796875 58.770000457763671875 58.799999237060546875 58.840000152587890625 58.799999237060546875 58.770000457763671875 58.740001678466796875 58.560001373291015625 58.34999847412109375 58.189998626708984375 57.9199981689453125 57.560001373291015625 57.479999542236328125 57.479999542236328125 57.529998779296875 57.490001678466796875 57.34999847412109375 57.130001068115234375 57.020000457763671875 57 56.939998626708984375 56.8899993896484375 56.8600006103515625 56.79000091552734375 56.619998931884765625 56.5 56.4199981689453125 56.369998931884765625 56.340000152587890625
56.8300018310546875 57.1699981689453125 57.279998779296875 57.31999969482421875 57.65000152587890625 57.9199981689453125 58.159999847412109375 58.490001678466796875 58.5800018310546875 58.659999847412109375 58.689998626708984375 58.70999908447265625 58.740001678466796875 58.779998779296875 58.8899993896484375 58.950000762939453125 58.950000762939453125 58.909999847412109375 58.880001068115234375 58.779998779296875 58.65000152587890625 58.490001678466796875 58.159999847412109375 57.6699981689453125 57.630001068115234375 57.659999847412109375 57.6399993896484375 57.549999237060546875 57.5 57.369998931884765625 57.220001220703125 57.06999969482421875 57.029998779296875 56.970001220703125 56.869998931884765625 56.740001678466796875 56.590000152587890625 56.479999542236328125 56.3899993896484375 56.34999847412109375 56.340000152587890625
56.5800018310546875 56.909999847412109375 57.1100006103515625 57.229999542236328125 57.4199981689453125 57.59999847412109375 57.880001068115234375 58.090000152587890625 58.380001068115234375 58.5800018310546875 58.6399993896484375 58.740001678466796875 58.81999969482421875 58.8899993896484375 58.979999542236328125 59.119998931884765625 59.0800018310546875 59.009998321533203125 58.979999542236328125 58.90000152587890625 58.75 58.65000152587890625 58.439998626708984375 58.1399993896484375 57.909999847412109375 57.810001373291015625 57.740001678466796875 57.59999847412109375 57.520000457763671875 57.479999542236328125 57.34999847412109375 57.200000762939453125 57.130001068115234375 57.009998321533203125 56.909999847412109375 56.79000091552734375 56.6100006103515625 56.54000091552734375 56.45999908447265625 56.40000152587890625 56.369998931884765625
56.5 56.720001220703125 56.909999847412109375 57.130001068115234375 57.340000152587890625 57.450000762939453125 57.6699981689453125 57.8899993896484375 58.29000091552734375 58.529998779296875 58.689998626708984375 58.79000091552734375 58.93000030517578125 58.990001678466796875 59.15000152587890625 59.20999908447265625 59.1399993896484375 59.119998931884765625 59.090000152587890625 59.029998779296875 58.9199981689453125 58.869998931884765625 58.700000762939453125 58.68000030517578125 58.490001678466796875 58.159999847412109375 57.8600006103515625 57.659999847412109375 57.5800018310546875 57.5800018310546875 57.45999908447265625 57.34999847412109375 57.259998321533203125 57.09999847412109375 56.970001220703125 56.8300018310546875 56.740001678466796875 56.65000152587890625 56.56999969482421875 56.45999908447265625 56.439998626708984375
56.409999847412109375 56.5 56.729999542236328125 57 57.229999542236328125 57.340000152587890625 57.5800018310546875 57.8899993896484375 58.20999908447265625 58.6100006103515625 58.729999542236328125 58.9199981689453125 59.029998779296875 59.15000152587890625 59.299999237060546875 59.310001373291015625 59.279998779296875 59.220001220703125 59.1699981689453125 59.15000152587890625 59.09999847412109375 59.090000152587890625 59.06999969482421875 58.95999908447265625 58.729999542236328125 58.630001068115234375 58.31999969482421875 57.939998626708984375 57.659999847412109375 57.6100006103515625 57.549999237060546875 57.450000762939453125 57.369998931884765625 57.25 57.0800018310546875 56.950000762939453125 56.840000152587890625 56.75 56.68000030517578125 56.619998931884765625 56.560001373291015625
56.3600006103515625 56.43000030517578125 56.590000152587890625 56.909999847412109375 57.06999969482421875 57.240001678466796875 57.59999847412109375 57.8600006103515625 58.159999847412109375 58.6399993896484375 58.90000152587890625 59.04000091552734375 59.1699981689453125 59.31999969482421875 59.3899993896484375 59.409999847412109375 59.369998931884765625 59.340000152587890625 59.31999969482421875 59.31999969482421875 59.3300018310546875 59.3300018310546875 59.220001220703125 59.119998931884765625 59.04000091552734375 58.840000152587890625 58.490001678466796875 58.1100006103515625 57.799999237060546875 57.720001220703125 57.619998931884765625 57.59999847412109375 57.5 57.369998931884765625 57.20999908447265625 57.0800018310546875 56.95999908447265625 56.90000152587890625 56.799999237060546875 56.720001220703125 56.68000030517578125
56.29000091552734375 56.380001068115234375 56.65000152587890625 56.869998931884765625 56.9199981689453125 57.159999847412109375 57.56999969482421875 57.869998931884765625 58.200000762939453125 58.54000091552734375 58.95999908447265625 59.220001220703125 59.3300018310546875 59.40000152587890625 59.45999908447265625 59.479999542236328125 59.470001220703125 59.450000762939453125 59.450000762939453125 59.470001220703125 59.43000030517578125 59.40000152587890625 59.29000091552734375 59.18000030517578125 59.049999237060546875 58.880001068115234375 58.560001373291015625 58.130001068115234375 57.90000152587890625 57.869998931884765625 57.75 57.70999908447265625 57.619998931884765625 57.450000762939453125 57.31999969482421875 57.189998626708984375 57.119998931884765625 57.04000091552734375 56.9199981689453125 56.840000152587890625 56.79000091552734375
56.29000091552734375 56.4199981689453125 56.6699981689453125 56.75 56.79000091552734375 57.1100006103515625 57.5800018310546875 57.880001068115234375 58.189998626708984375 58.529998779296875 58.8600006103515625 59.159999847412109375 59.299999237060546875 59.4199981689453125 59.5 59.560001373291015625 59.56999969482421875 59.56999969482421875 59.56999969482421875 59.45999908447265625 59.490001678466796875 59.4199981689453125 59.340000152587890625 59.18000030517578125 58.93000030517578125 58.6699981689453125 58.5 58.200000762939453125 58.060001373291015625 57.939998626708984375 57.779998779296875 57.81999969482421875 57.689998626708984375 57.560001373291015625 57.450000762939453125 57.3600006103515625 57.279998779296875 57.189998626708984375 57.130001068115234375 57.04000091552734375 56.95999908447265625
56.259998321533203125 56.3600006103515625 56.509998321533203125 56.6699981689453125 56.6699981689453125 56.8600006103515625 57.470001220703125 57.909999847412109375 58.20999908447265625 58.479999542236328125 58.84999847412109375 59.060001373291015625 59.240001678466796875 59.380001068115234375 59.54000091552734375 59.6100006103515625 59.630001068115234375 59.630001068115234375 59.45999908447265625 59.3899993896484375 59.450000762939453125 59.4199981689453125 59.34999847412109375 59.06999969482421875 58.81999969482421875 58.6699981689453125 58.529998779296875 58.34999847412109375 58.15000152587890625 58.020000457763671875 57.939998626708984375 57.8899993896484375 57.759998321533203125 57.75 57.6399993896484375 57.529998779296875 57.450000762939453125 57.3899993896484375 57.3600006103515625 57.270000457763671875 57.1699981689453125
56.25 56.369998931884765625 56.490001678466796875 56.5800018310546875 56.6399993896484375 56.799999237060546875 57.3899993896484375 57.939998626708984375 58.240001678466796875 58.509998321533203125 58.8600006103515625 59.049999237060546875 59.220001220703125 59.380001068115234375 59.509998321533203125 59.5800018310546875 59.549999237060546875 59.45999908447265625 59.3600006103515625 59.3300018310546875 59.3600006103515625 59.380001068115234375 59.20999908447265625 58.950000762939453125 58.810001373291015625 58.75 58.6399993896484375 58.43000030517578125 58.299999237060546875 58.189998626708984375 58.04000091552734375 57.990001678466796875 57.939998626708984375 57.880001068115234375 57.79000091552734375 57.70999908447265625 57.65000152587890625 57.590000152587890625 57.5 57.4199981689453125 57.34999847412109375
56.270000457763671875 56.380001068115234375 56.5 56.5800018310546875 56.630001068115234375 56.75 57.1100006103515625 57.56999969482421875 58.09999847412109375 58.54000091552734375 58.84999847412109375 59.090000152587890625 59.20999908447265625 59.3300018310546875 59.340000152587890625 59.3300018310546875 59.299999237060546875 59.310001373291015625 59.310001373291015625 59.229999542236328125 59.229999542236328125 59.240001678466796875 59.060001373291015625 58.93000030517578125 58.8899993896484375 58.840000152587890625 58.75 58.590000152587890625 58.45999908447265625 58.3899993896484375 58.229999542236328125 58.130001068115234375 58.090000152587890625 58.029998779296875 57.8899993896484375 57.8600006103515625 57.799999237060546875 57.689998626708984375 57.6100006103515625 57.560001373291015625 57.520000457763671875
