tests/testdata/Slottskogen.asc
ncols        322
nrows        178
xllcorner    316972.000000000000
yllcorner    6397551.000000000000
cellsize     2.000000000000
NODATA_value  -9999
[rows 115 to 137 of 178, columns 208 to 259 of 322]
42.2705078125 42.5263671875 42.7177734375 43.1171875 43.517578125 43.8828125 43.69140625 43.4130859375 43.2607421875 42.7724609375 42.5390625 42.4892578125 42.4931640625 42.7578125 42.9951171875 43.115234375 43.1533203125 43.3720703125 43.7041015625 44.0751953125 44.1630859375 44.1708984375 44.3349609375 44.3642578125 44.2861328125 43.8662109375 43.6708984375 43.673828125 43.7705078125 44.0615234375 44.234375 44.4912109375 45.015625 45.6025390625 45.7060546875 45.8525390625 46.0595703125 46.1328125 46.4375 46.6533203125 46.7607421875 46.6904296875 46.173828125 45.0791015625 44.6142578125 44.513671875 44.5400390625 44.4658203125 44.2890625 44.27734375 44.30859375 44.4521484375
42.828125 43.330078125 43.6826171875 44.146484375 44.5546875 44.79296875 44.87109375 44.544921875 44.19140625 43.7314453125 43.3134765625 43.150390625 43.0576171875 43.095703125 43.1689453125 43.193359375 43.2265625 43.361328125 43.76171875 44.04296875 44.087890625 44.26171875 44.4072265625 44.51171875 44.3984375 44.1259765625 43.908203125 43.90625 44.0283203125 44.2041015625 44.3564453125 44.6015625 44.919921875 45.208984375 45.5029296875 45.61328125 45.8818359375 46.25390625 46.458984375 46.544921875 46.7333984375 46.6162109375 45.810546875 45.001953125 44.716796875 44.703125 44.6630859375 44.5595703125 44.505859375 44.4609375 44.5849609375 44.6435546875
43.5244140625 44.0947265625 44.9375 45.271484375 45.5517578125 45.673828125 45.6875 45.583984375 45.3857421875 44.71484375 44.3369140625 43.8134765625 43.6806640625 43.5390625 43.345703125 43.3037109375 43.3212890625 43.5146484375 43.78515625 44.0068359375 44.2001953125 44.3779296875 44.5625 44.533203125 44.513671875 44.4052734375 44.234375 44.2822265625 44.2890625 44.314453125 44.5068359375 44.7451171875 44.89453125 45.1865234375 45.48828125 45.6064453125 45.7294921875 45.88671875 46.06640625 46.2744140625 46.5625 46.1533203125 45.513671875 45.171875 44.9375 44.8916015625 44.736328125 44.6982421875 44.7099609375 44.705078125 44.861328125 44.9208984375
44.30859375 44.9833984375 45.5693359375 46.001953125 46.171875 46.2119140625 46.1767578125 46.0439453125 45.8408203125 45.556640625 45.08203125 44.546875 44.1708984375 43.8076171875 43.5791015625 43.470703125 43.5205078125 43.654296875 43.8388671875 44.0322265625 44.458984375 44.5927734375 44.822265625 44.7705078125 44.8818359375 44.69140625 44.5869140625 44.681640625 44.9560546875 44.978515625 45.287109375 44.9697265625 44.9677734375 45.310546875 45.4189453125 45.552734375 45.6494140625 45.8662109375 45.978515625 46.1171875 46.255859375 46.029296875 45.5908203125 45.3017578125 45.1455078125 45.0234375 44.9326171875 44.9287109375 44.943359375 44.955078125 45.0234375 45.1015625
45.046875 45.6591796875 46.171875 46.400390625 46.544921875 46.681640625 46.5537109375 46.3173828125 46.033203125 45.8095703125 45.3720703125 44.974609375 44.4599609375 44.06640625 43.7685546875 43.625 43.6455078125 43.6884765625 43.9287109375 44.2119140625 44.7939453125 45.115234375 45.3740234375 45.1923828125 45.306640625 45.09375 44.93359375 45.0830078125 45.0703125 45.0966796875 45.224609375 45.0615234375 45.2978515625 45.873046875 46.04296875 45.6123046875 45.71484375 45.8173828125 45.9892578125 46.1162109375 46.1083984375 45.984375 45.7939453125 45.5166015625 45.771484375 45.6650390625 45.23046875 45.1767578125 45.1591796875 45.2099609375 45.271484375 45.3603515625
45.72265625 46.0703125 46.4873046875 46.888671875 47.2822265625 47.892578125 47.6865234375 47.3916015625 46.9248046875 46.3447265625 45.865234375 45.07421875 44.6611328125 44.462890625 43.966796875 43.86328125 43.798828125 43.837890625 44.0712890625 44.4736328125 45.1669921875 45.3974609375 45.423828125 45.3408203125 45.560546875 45.388671875 45.4609375 45.5048828125 45.1943359375 45.1455078125 45.1455078125 45.23046875 45.771484375 46.2666015625 45.849609375 45.703125 45.951171875 45.9521484375 46.1513671875 46.1220703125 46.1318359375 46.142578125 45.951171875 45.892578125 45.9970703125 45.9130859375 45.6513671875 45.5458984375 45.5986328125 45.576171875 45.7392578125 45.658203125
46.109375 46.4375 46.923828125 47.396484375 47.802734375 48.296875 48.623046875 48.3193359375 48.17578125 47.3388671875 46.3076171875 45.328125 44.8017578125 44.392578125 44.220703125 44.1162109375 44.025390625 43.97265625 44.130859375 44.5146484375 45.189453125 45.3681640625 45.4541015625 45.5908203125 45.6484375 45.6962890625 45.7587890625 45.5869140625 45.3583984375 45.2421875 45.271484375 45.36328125 45.8720703125 45.986328125 46.126953125 46.1279296875 46.5244140625 46.2666015625 46.3642578125 46.2900390625 46.3232421875 46.2626953125 46.1689453125 46.251953125 46.310546875 46.455078125 46.9755859375 46.3095703125 46.1826171875 46.0576171875 46.0732421875 45.8876953125
46.3798828125 46.7265625 47.0048828125 47.48046875 48.0419921875 48.486328125 49.0224609375 48.91015625 48.9794921875 48.3427734375 47.3154296875 45.7373046875 44.8779296875 44.5439453125 44.41796875 44.4619140625 44.3193359375 44.20703125 44.2998046875 44.671875 45.08984375 45.4853515625 45.8173828125 45.9560546875 46.0537109375 45.955078125 45.884765625 45.63671875 45.5263671875 45.48828125 45.4521484375 45.7978515625 46.115234375 46.3095703125 46.3173828125 46.4921875 46.6669921875 46.57421875 46.470703125 46.484375 46.501953125 46.455078125 46.48046875 46.66796875 46.732421875 48.0029296875 48.07421875 48.021484375 47.8955078125 48.0048828125 47.783203125 46.79296875
46.615234375 46.88671875 47.1142578125 47.5849609375 48.1298828125 48.4951171875 48.9853515625 49.1826171875 48.9912109375 48.2021484375 48.0400390625 46.755859375 45.0498046875 44.7265625 44.5625 44.5185546875 44.6376953125 44.5029296875 44.5 44.7822265625 45.4892578125 45.9326171875 46.0791015625 46.341796875 46.552734375 46.9638671875 46.57421875 45.982421875 45.7421875 45.8046875 46.13671875 46.294921875 46.3828125 46.3046875 46.3232421875 46.591796875 46.587890625 46.634765625 46.650390625 46.6259765625 46.67578125 46.7353515625 46.859375 47.0810546875 47.8544921875 48.7236328125 48.8408203125 48.8046875 48.82421875 48.734375 48.3564453125 48.0029296875
46.986328125 47.2353515625 47.3740234375 47.53125 47.9013671875 48.341796875 48.81640625 49.0146484375 48.583984375 48.681640625 48.9345703125 48.2470703125 46.3486328125 45.1083984375 44.7783203125 44.6474609375 44.7265625 44.7509765625 44.716796875 44.861328125 45.447265625 46.076171875 46.10546875 46.37890625 46.783203125 47.1826171875 47.0712890625 46.205078125 45.92578125 46.10546875 46.6552734375 46.5302734375 46.3720703125 46.384765625 46.4931640625 46.56640625 46.7099609375 46.84375 46.7578125 46.7705078125 46.8994140625 47.05078125 47.17578125 47.8564453125 48.6005859375 48.921875 48.9541015625 49.005859375 49.0966796875 49.1962890625 49.3525390625 49.2939453125
47.41796875 47.5615234375 47.5 47.599609375 47.9384765625 48.20703125 48.603515625 48.7197265625 48.8095703125 49.162109375 49.3291015625 48.8134765625 47.1083984375 45.7099609375 45.025390625 44.87109375 44.8369140625 44.90234375 44.9169921875 44.958984375 45.1123046875 45.5791015625 45.8994140625 46.3095703125 46.8154296875 47.4345703125 47.2470703125 46.13671875 46.22265625 46.6171875 46.6357421875 46.455078125 46.5205078125 46.5791015625 46.7080078125 46.7548828125 46.8671875 46.90234375 46.880859375 46.9580078125 47.1484375 47.32421875 47.5703125 48.2392578125 48.75 49.0419921875 49.2724609375 49.376953125 49.701171875 49.9111328125 49.9921875 49.83203125
47.6953125 48.0263671875 47.7666015625 47.6533203125 47.9326171875 48.169921875 48.51953125 48.6552734375 48.8251953125 49.16015625 48.8603515625 47.9033203125 46.8681640625 45.8974609375 45.3017578125 45.1123046875 44.970703125 45.10546875 45.0732421875 45.095703125 45.21484375 45.49609375 45.8291015625 46.2490234375 46.7470703125 47.2568359375 46.458984375 46.1044921875 46.27734375 46.6435546875 46.5966796875 46.6162109375 46.7109375 46.79296875 46.8359375 46.970703125 47.0224609375 47.0595703125 47.21875 47.3310546875 47.3525390625 47.595703125 47.892578125 48.7109375 49.0927734375 49.298828125 49.5205078125 49.7861328125 50.060546875 50.255859375 50.54296875 50.3466796875
47.8818359375 48.123046875 48.2373046875 47.8447265625 47.9404296875 48.181640625 48.1689453125 48.419921875 48.7958984375 48.8173828125 48.2626953125 47.984375 47.3974609375 46.6181640625 45.88671875 45.5234375 45.2099609375 45.28515625 45.2646484375 45.2919921875 45.396484375 45.5576171875 45.87890625 46.0791015625 46.50390625 46.74609375 46.357421875 46.298828125 46.6552734375 46.8427734375 46.6875 46.7685546875 46.8974609375 46.943359375 47.109375 47.177734375 47.23046875 47.3271484375 47.5166015625 47.57421875 47.7060546875 48.10546875 48.513671875 48.994140625 49.439453125 49.44921875 49.70703125 49.99609375 50.22265625 50.712890625 50.8125 50.6025390625
47.919921875 48.328125 48.65234375 48.2158203125 48.287109375 48.076171875 48.0302734375 48.2568359375 48.58984375 48.595703125 48.58984375 48.3720703125 48.060546875 47.1689453125 46.4345703125 46.0908203125 45.6435546875 45.60546875 45.7041015625 45.5380859375 45.5625 45.650390625 45.8740234375 46.064453125 46.58984375 46.876953125 46.4365234375 46.548828125 46.8125 46.794921875 46.7724609375 46.787109375 46.8740234375 47.03515625 47.2119140625 47.2509765625 47.41015625 47.5322265625 47.7548828125 47.65625 48.078125 48.69921875 49.259765625 49.2880859375 49.5634765625 49.6533203125 49.7734375 50.16015625 50.390625 50.8515625 50.8818359375 50.7265625
47.951171875 48.3134765625 48.6328125 48.6572265625 48.58984375 48.177734375 48.1201171875 48.1328125 48.44921875 48.66796875 48.7841796875 48.7607421875 48.2666015625 47.5205078125 47.0048828125 46.71484375 46.666015625 46.4853515625 46.3603515625 46.2353515625 45.7666015625 45.775390625 45.8955078125 46.095703125 46.2509765625 46.48046875 46.5810546875 46.609375 46.6982421875 46.7255859375 46.724609375 46.75390625 46.8583984375 46.9482421875 47.1630859375 47.3955078125 47.55078125 47.609375 47.7138671875 47.837890625 48.59375 49.1396484375 49.40234375 49.498046875 49.61328125 49.890625 50.1181640625 50.341796875 50.5068359375 50.7626953125 50.869140625 50.85546875
47.95703125 48.4130859375 48.81640625 48.72265625 48.5458984375 48.1904296875 48.0546875 48.17578125 48.3828125 48.677734375 48.7255859375 48.578125 47.89453125 47.4443359375 47.2890625 47.51171875 47.34765625 46.935546875 46.640625 46.34375 45.958984375 45.8330078125 45.9091796875 45.9609375 46.1181640625 46.4169921875 46.478515625 46.5244140625 46.6171875 46.734375 46.6982421875 46.73046875 46.7578125 46.8701171875 47.142578125 47.3564453125 47.451171875 47.6826171875 47.845703125 48.359375 49.0810546875 49.349609375 49.427734375 49.537109375 49.7490234375 49.9697265625 50.18359375 50.47265625 50.6708984375 50.84375 50.9111328125 50.9326171875
47.916015625 48.3974609375 48.7158203125 48.4560546875 48.3837890625 48.3271484375 48.125 48.1318359375 48.2783203125 48.587890625 48.5556640625 48.314453125 47.958984375 47.673828125 47.6953125 47.6513671875 47.2587890625 46.955078125 46.744140625 46.4912109375 45.875 45.861328125 45.845703125 45.89453125 46.01953125 46.1689453125 46.271484375 46.341796875 46.46875 46.5751953125 46.59765625 46.61328125 46.7236328125 46.861328125 46.9794921875 47.263671875 47.400390625 47.626953125 47.876953125 48.419921875 48.79296875 49.390625 49.505859375 49.73828125 49.8642578125 50.0556640625 50.27734375 50.5390625 50.7724609375 50.8916015625 50.892578125 51.10546875
47.818359375 48.1015625 48.1669921875 48.2802734375 48.1640625 48.0986328125 48.083984375 48.0986328125 48.3046875 48.462890625 48.4072265625 48.3125 48.185546875 47.9189453125 47.69140625 47.4111328125 47 46.7998046875 46.6318359375 46.30859375 45.7138671875 45.7255859375 45.89453125 45.962890625 45.927734375 46.0869140625 46.2109375 46.23828125 46.35546875 46.45703125 46.533203125 46.5615234375 46.6748046875 46.8046875 46.986328125 47.2080078125 47.3984375 47.7353515625 48.375 48.8798828125 49.0771484375 49.3349609375 49.6640625 49.8369140625 49.947265625 49.990234375 50.2412109375 50.591796875 50.7021484375 50.8515625 50.978515625 51.2626953125
47.92578125 48.0400390625 48.12890625 48.1044921875 48.140625 48.083984375 48.068359375 48.126953125 48.2509765625 48.4873046875 48.2626953125 48.3017578125 48.1533203125 47.9677734375 47.560546875 46.958984375 46.6064453125 46.5126953125 46.3154296875 45.791015625 45.45703125 45.4921875 45.625 45.701171875 45.798828125 45.8994140625 46.0390625 46.1123046875 46.263671875 46.375 46.4599609375 46.5625 46.68359375 46.8232421875 47.048828125 47.2958984375 47.6943359375 47.9287109375 48.6240234375 49.21875 49.4423828125 49.6943359375 49.6748046875 49.7412109375 49.9072265625 50.0693359375 50.306640625 50.546875 50.83984375 50.91796875 51.1328125 51.29296875
47.9599609375 48.103515625 48.0791015625 48.09765625 48.2099609375 48.1513671875 48.0693359375 48.0419921875 48.072265625 48.0693359375 48.080078125 48.0947265625 47.90234375 47.7646484375 47.27734375 46.60546875 46.4345703125 46.2431640625 45.7919921875 45.23046875 45.26171875 45.353515625 45.38671875 45.583984375 45.6787109375 45.7744140625 45.8994140625 46.0166015625 46.181640625 46.2744140625 46.404296875 46.5634765625 46.857421875 46.927734375 47.1787109375 47.4287109375 47.7734375 48.228515625 48.833984375 49.2978515625 49.5478515625 49.69140625 49.990234375 50.169921875 50.3017578125 50.4169921875 50.67578125 50.654296875 51.1376953125 51.0693359375 51.4326171875 51.6484375
48.0810546875 48.1201171875 48.1328125 48.1484375 48.26953125 48.1796875 48.197265625 48.13671875 48.0869140625 47.9599609375 47.8779296875 47.716796875 47.5654296875 47.5234375 46.9609375 46.2236328125 45.8935546875 45.58203125 44.9423828125 44.9453125 45.0830078125 45.15625 45.3271484375 45.4365234375 45.576171875 45.6513671875 45.8095703125 45.9541015625 46.107421875 46.349609375 46.3876953125 46.6376953125 46.865234375 47.2734375 47.3720703125 47.6767578125 48.1435546875 48.4248046875 48.8330078125 49.28125 49.7470703125 50.3876953125 50.65625 50.67578125 50.78125 50.837890625 51.056640625 50.9453125 50.990234375 51.2568359375 51.6015625 51.85546875
48.0224609375 48.0234375 48.12109375 48.10546875 48.203125 48.3388671875 48.3056640625 47.9912109375 47.775390625 47.63671875 47.4970703125 47.3369140625 47.1513671875 46.9541015625 46.6728515625 45.7666015625 45.0546875 44.763671875 44.7490234375 44.791015625 44.8876953125 45.0244140625 45.1376953125 45.294921875 45.3955078125 45.5458984375 45.724609375 45.9033203125 46.0283203125 46.1357421875 46.28125 46.6806640625 47.017578125 47.39453125 47.6865234375 48.09375 48.693359375 49.2783203125 49.2158203125 49.5673828125 50.201171875 50.935546875 51.18359375 51.115234375 50.9375 51.0576171875 51.1162109375 51.2431640625 51.076171875 51.3779296875 51.6044921875 51.9453125
47.74609375 47.84765625 48.1162109375 48.3232421875 48.1953125 48.31640625 48.2255859375 47.8466796875 47.5341796875 47.279296875 46.9658203125 46.9541015625 46.822265625 46.623046875 46.1865234375 45.28515625 44.6298828125 44.5185546875 44.5654296875 44.6171875 44.7568359375 44.806640625 45.017578125 45.1240234375 45.3193359375 45.443359375 45.625 45.7783203125 45.9267578125 46.1689453125 46.447265625 46.89453125 47.205078125 47.5166015625 48.0478515625 49.0029296875 49.96875 50.107421875 49.787109375 49.908203125 50.2734375 50.74609375 51.068359375 50.9580078125 50.9296875 51.115234375 51.302734375 51.2880859375 51.2568359375 51.3955078125 51.7490234375 52.017578125
