tests/testdata/Slottskogen.asc
ncols        322
nrows        178
xllcorner    316972.000000000000
yllcorner    6397551.000000000000
cellsize     2.000000000000
NODATA_value  -9999
[rows 69 to 91 of 178, columns 156 to 207 of 322]
31.80859375 31.8203125 31.6875 31.662109375 31.623046875 31.6494140625 31.6494140625 31.6748046875 31.6865234375 31.734375 31.796875 31.91015625 31.99609375 31.9814453125 32.083984375 32.0634765625 31.974609375 32.2333984375 32.3349609375 32.7001953125 33.416015625 34.0185546875 34.66015625 35.728515625 36.2548828125 36.1748046875 36.1982421875 36.248046875 36.2861328125 36.248046875 36.3134765625 36.3505859375 36.4375 36.501953125 36.5390625 36.6376953125 36.69140625 36.7734375 36.798828125 36.8984375 36.9404296875 37.001953125 37.0302734375 37.068359375 37.4404296875 38.2607421875 38.8095703125 39.8232421875 39.888671875 39.62109375 39.962890625 41.2685546875
31.7763671875 31.806640625 31.7666015625 31.6689453125 31.6142578125 31.6201171875 31.6318359375 31.6552734375 31.6865234375 31.7587890625 31.7646484375 31.8212890625 31.9765625 31.9892578125 32.0888671875 32.130859375 32.068359375 32.28515625 32.35546875 32.3818359375 33.0166015625 33.6318359375 34.2685546875 35.1005859375 35.9951171875 36.1552734375 36.1259765625 36.2177734375 36.189453125 36.13671875 36.15234375 36.2099609375 36.3544921875 36.4052734375 36.4765625 36.6220703125 36.7021484375 36.763671875 36.7578125 36.8408203125 36.890625 36.9580078125 36.9912109375 37.005859375 37.146484375 37.3359375 37.0732421875 37.4609375 38.064453125 38.7529296875 39.3935546875 40.4072265625
31.8134765625 31.8076171875 31.8564453125 31.7255859375 31.607421875 31.615234375 31.6240234375 31.6376953125 31.6455078125 31.681640625 31.71875 31.79296875 31.95703125 31.94140625 32.01953125 32.1611328125 32.107421875 32.2412109375 32.359375 32.41796875 32.4677734375 33.4287109375 33.90625 34.3203125 35.2509765625 35.8984375 35.9228515625 36.1513671875 36.01171875 35.9443359375 36.0810546875 36.2373046875 36.3701171875 36.4111328125 36.4287109375 36.5166015625 36.7734375 36.8564453125 36.8369140625 36.8525390625 36.9111328125 36.91796875 36.9736328125 36.978515625 36.958984375 36.91015625 36.7685546875 36.875 37.033203125 37.4755859375 38.15625 39.3642578125
31.8017578125 31.7998046875 31.830078125 31.7060546875 31.591796875 31.6025390625 31.5966796875 31.61328125 31.6650390625 31.6943359375 31.7197265625 31.78125 31.8466796875 31.9208984375 32.0087890625 32.103515625 32.16015625 32.2001953125 32.326171875 32.3818359375 32.4677734375 32.5673828125 33.830078125 34.291015625 34.505859375 35.3583984375 35.83984375 36.126953125 35.837890625 35.857421875 36.0625 36.240234375 36.2939453125 36.365234375 36.453125 36.6494140625 36.87890625 36.8720703125 36.9404296875 36.94921875 36.92578125 36.9248046875 36.9208984375 36.8955078125 36.787109375 36.7001953125 36.6640625 36.669921875 36.8251953125 37.01953125 37.4111328125 38.134765625
31.828125 31.8349609375 31.8046875 31.6474609375 31.583984375 31.603515625 31.6142578125 31.625 31.63671875 31.6953125 31.736328125 31.76953125 31.8984375 31.8701171875 32.0283203125 32.1611328125 32.2431640625 32.283203125 32.298828125 32.4345703125 32.548828125 32.6298828125 33.216796875 33.8544921875 34.4912109375 34.9326171875 35.5634765625 35.7587890625 35.7177734375 35.7978515625 35.9912109375 36.1884765625 36.30078125 36.392578125 36.583984375 36.79296875 36.896484375 36.943359375 37.0390625 37.0888671875 36.9814453125 36.916015625 36.8818359375 36.6982421875 36.7060546875 36.669921875 36.6435546875 36.6416015625 36.6748046875 36.7001953125 36.6640625 36.634765625
31.83984375 31.857421875 31.681640625 31.630859375 31.5966796875 31.595703125 31.6123046875 31.6279296875 31.64453125 31.71875 31.740234375 31.759765625 31.7841796875 31.853515625 31.9853515625 32.2021484375 32.34375 32.36328125 32.4111328125 32.4794921875 32.60546875 32.716796875 33.3349609375 33.9697265625 34.404296875 34.794921875 35.3251953125 35.4609375 35.5263671875 35.6103515625 35.927734375 36.1611328125 36.3359375 36.3349609375 36.66796875 36.884765625 36.9462890625 36.978515625 37.04296875 37.0048828125 36.9453125 36.8837890625 36.841796875 36.55078125 36.5166015625 36.6416015625 36.69140625 36.6904296875 36.69921875 36.7099609375 36.7060546875 36.673828125
31.8603515625 31.78515625 31.65625 31.59375 31.625 31.623046875 31.638671875 31.654296875 31.673828125 31.7177734375 31.7626953125 31.78515625 31.8720703125 31.8916015625 31.9501953125 32.1357421875 32.41015625 32.4541015625 32.5478515625 32.626953125 32.6669921875 32.8203125 33.451171875 33.8310546875 34.146484375 34.587890625 35.0029296875 35.2568359375 35.3095703125 35.5009765625 35.857421875 36.0673828125 36.2626953125 36.4443359375 36.7919921875 36.84765625 36.9111328125 36.9755859375 36.9892578125 36.919921875 36.8505859375 36.802734375 36.7548828125 36.4111328125 36.4404296875 36.33203125 36.541015625 36.66015625 36.6884765625 36.689453125 36.69140625 37.1171875
31.845703125 31.669921875 31.6103515625 31.568359375 31.658203125 31.66796875 31.6923828125 31.6953125 31.7412109375 31.7490234375 31.814453125 31.830078125 31.9306640625 31.95703125 32.015625 32.1015625 32.263671875 32.4814453125 32.6572265625 32.7490234375 32.8154296875 32.8955078125 33.2109375 33.52734375 33.8427734375 34.3583984375 34.86328125 35.0400390625 35.0908203125 35.4248046875 35.8193359375 36.0390625 36.3173828125 36.474609375 36.7783203125 36.8359375 36.908203125 36.974609375 36.9052734375 36.8359375 36.7666015625 36.708984375 36.6611328125 36.42578125 36.4169921875 36.35546875 36.396484375 36.603515625 36.662109375 36.69921875 36.7509765625 37.4931640625
31.78125 31.66796875 31.6318359375 31.6328125 31.6337890625 31.66015625 31.69921875 31.7255859375 31.7568359375 31.7919921875 31.873046875 31.8671875 31.962890625 32.015625 32.0380859375 32.10546875 32.2373046875 32.4189453125 32.650390625 32.861328125 32.94921875 33.0126953125 33.1474609375 33.3525390625 33.548828125 33.6240234375 34.2939453125 34.8564453125 34.9111328125 35.2666015625 35.6904296875 35.962890625 36.2294921875 36.505859375 36.7744140625 36.8310546875 36.9052734375 36.8896484375 36.8203125 36.7509765625 36.6826171875 36.6142578125 36.56640625 36.4833984375 36.4013671875 36.3349609375 36.3662109375 36.63671875 36.6962890625 36.705078125 36.7001953125 37.251953125
31.70703125 31.6728515625 31.6455078125 31.650390625 31.6123046875 31.6376953125 31.6953125 31.7392578125 31.7734375 31.8369140625 31.8681640625 31.888671875 31.9794921875 32.0498046875 32.056640625 32.12890625 32.2412109375 32.3857421875 32.6025390625 32.888671875 33.0771484375 33.162109375 33.232421875 33.41015625 33.6181640625 33.7412109375 34.3896484375 34.6796875 34.8037109375 35.2451171875 35.6806640625 36.041015625 36.2275390625 36.4130859375 36.712890625 36.8271484375 36.875 36.8056640625 36.736328125 36.6669921875 36.59765625 36.5283203125 36.4248046875 36.4326171875 36.412109375 36.3544921875 36.3251953125 36.4169921875 36.7080078125 36.6943359375 36.7119140625 37.06640625
31.72265625 31.6865234375 31.6796875 31.67578125 31.6064453125 31.650390625 31.6728515625 31.7314453125 31.791015625 31.8369140625 31.876953125 31.8876953125 31.9716796875 32.029296875 32.060546875 32.1435546875 32.22265625 32.35546875 32.484375 32.791015625 33.0966796875 33.26953125 33.3642578125 33.49609375 33.7705078125 33.9052734375 34.3017578125 34.5068359375 34.681640625 35.1376953125 35.61328125 36.0400390625 36.2685546875 36.37109375 36.67578125 36.9130859375 36.86328125 36.791015625 36.7119140625 36.6337890625 36.5546875 36.4765625 36.4599609375 36.419921875 36.4130859375 36.33203125 36.2861328125 36.31640625 36.662109375 36.6748046875 36.681640625 37.185546875
31.72265625 31.705078125 31.65234375 31.6572265625 31.6484375 31.64453125 31.66015625 31.6923828125 31.7470703125 31.80078125 31.837890625 31.8544921875 31.9326171875 31.9833984375 32.0556640625 32.125 32.21875 32.353515625 32.478515625 32.71484375 33.056640625 33.3193359375 33.4892578125 33.64453125 33.810546875 34.0234375 34.23046875 34.3310546875 34.5830078125 35.0419921875 35.5029296875 35.9931640625 36.203125 36.3544921875 36.48828125 36.7734375 36.794921875 36.8125 36.8232421875 36.7578125 36.6796875 36.8427734375 36.6767578125 36.439453125 36.3984375 36.36328125 36.3271484375 36.3310546875 36.5302734375 36.685546875 36.6728515625 37.158203125
31.705078125 31.6845703125 31.6474609375 31.5888671875 31.56640625 31.5517578125 31.5849609375 31.6416015625 31.6982421875 31.7548828125 31.7900390625 31.8203125 31.853515625 31.921875 32.0234375 32.140625 32.263671875 32.380859375 32.515625 32.6845703125 33.0361328125 33.3037109375 33.5537109375 33.7255859375 33.88671875 34.0166015625 34.1201171875 34.197265625 34.44140625 34.787109375 35.2822265625 35.8310546875 36.150390625 36.3046875 36.4091796875 36.5693359375 36.7431640625 36.7705078125 36.8369140625 36.7861328125 36.78125 36.77734375 36.609375 36.3857421875 36.3828125 36.333984375 36.455078125 36.3095703125 36.349609375 36.6943359375 36.69921875 36.6767578125
31.669921875 31.63671875 31.58984375 31.546875 31.5322265625 31.541015625 31.521484375 31.595703125 31.6318359375 31.6826171875 31.7421875 31.794921875 31.8515625 31.927734375 32.029296875 32.1943359375 32.2880859375 32.4130859375 32.5439453125 32.7265625 32.9208984375 33.2724609375 33.6162109375 33.7666015625 33.91796875 34.0107421875 34.08984375 34.1533203125 34.33203125 34.6513671875 35.138671875 35.6787109375 36.033203125 36.1923828125 36.21484375 36.31640625 36.4267578125 36.5048828125 36.5322265625 36.6220703125 36.62890625 36.5537109375 36.4228515625 36.376953125 36.330078125 36.29296875 36.3310546875 36.30859375 36.3642578125 36.744140625 36.6435546875 37.2861328125
31.7353515625 31.728515625 31.7119140625 31.62890625 31.5712890625 31.560546875 31.5341796875 31.625 31.6484375 31.689453125 31.76171875 31.8330078125 31.869140625 31.984375 32.0703125 32.19921875 32.369140625 32.46875 32.55859375 32.7919921875 32.96484375 33.3212890625 33.6787109375 33.9384765625 33.9775390625 34.025390625 34.078125 34.125 34.23828125 34.455078125 34.919921875 35.345703125 35.671875 35.9658203125 36.12890625 36.1591796875 36.298828125 36.369140625 36.388671875 36.37109375 36.353515625 36.388671875 36.3955078125 36.4111328125 36.40234375 36.3603515625 36.3740234375 36.369140625 36.3935546875 36.4013671875 36.4765625 37.0810546875
31.7822265625 31.7587890625 31.7275390625 31.7119140625 31.6640625 31.6787109375 31.7138671875 31.8232421875 31.7646484375 31.7548828125 31.81640625 31.935546875 31.9716796875 32.1220703125 32.2109375 32.3349609375 32.4814453125 32.576171875 32.693359375 32.939453125 33.1513671875 33.4453125 33.7861328125 33.9287109375 34.0087890625 34.056640625 34.095703125 34.138671875 34.19921875 34.3603515625 34.673828125 34.9892578125 35.2822265625 35.6025390625 35.818359375 35.9326171875 36.05859375 36.18359375 36.220703125 36.3125 36.3115234375 36.322265625 36.404296875 36.47265625 36.5068359375 36.4990234375 36.478515625 36.4873046875 36.4736328125 36.5400390625 36.7333984375 37.2138671875
31.8759765625 31.8837890625 31.974609375 31.9609375 31.9130859375 31.97265625 31.9267578125 32.0068359375 32.1943359375 32.1728515625 32.3037109375 32.3037109375 32.2568359375 32.4013671875 32.4990234375 32.5478515625 32.662109375 32.787109375 32.9404296875 33.09765625 33.4033203125 33.583984375 33.76171875 33.921875 34.0126953125 34.1123046875 34.1298828125 34.16796875 34.2451171875 34.3203125 34.5185546875 34.732421875 34.9619140625 35.20703125 35.4296875 35.654296875 35.783203125 35.9375 36.076171875 36.20703125 36.2412109375 36.3193359375 36.4375 36.533203125 36.5498046875 36.5791015625 36.6142578125 36.638671875 36.64453125 36.705078125 36.8388671875 37.0458984375
32.3076171875 32.30078125 32.35546875 32.39453125 32.392578125 32.3798828125 32.4423828125 32.6181640625 32.6103515625 32.68359375 32.7333984375 32.689453125 32.6708984375 32.78515625 32.8857421875 32.8876953125 32.9931640625 33.1201171875 33.162109375 33.2822265625 33.40625 33.56640625 33.7333984375 33.8798828125 34.0263671875 34.130859375 34.171875 34.216796875 34.2685546875 34.35546875 34.4951171875 34.6806640625 34.8974609375 35.056640625 35.2333984375 35.4111328125 35.6025390625 35.7763671875 35.93359375 36.0703125 36.1826171875 36.3427734375 36.4970703125 36.6142578125 36.669921875 36.7744140625 36.8583984375 36.8955078125 36.931640625 37 36.9833984375 37.13671875
32.75 32.7412109375 32.7783203125 32.798828125 32.8330078125 32.86328125 32.8984375 32.8701171875 33.001953125 32.9873046875 32.9208984375 32.91796875 32.9599609375 32.998046875 33.029296875 33.0556640625 33.080078125 33.0830078125 33.1572265625 33.1982421875 33.322265625 33.51953125 33.7216796875 33.8935546875 34.0166015625 34.0986328125 34.1513671875 34.236328125 34.3212890625 34.421875 34.564453125 34.732421875 34.8857421875 35.078125 35.23046875 35.388671875 35.53125 35.67578125 35.8115234375 35.982421875 36.154296875 36.3427734375 36.513671875 36.65234375 36.7900390625 36.888671875 37.0400390625 37.1298828125 37.240234375 37.322265625 37.3984375 37.4423828125
32.8984375 32.9345703125 32.9287109375 32.8994140625 32.9794921875 32.8779296875 32.8642578125 32.8623046875 32.8583984375 32.8701171875 32.8115234375 32.849609375 32.8779296875 32.8857421875 32.93359375 32.9794921875 33.017578125 33.0810546875 33.1640625 33.2216796875 33.3603515625 33.55078125 33.6875 33.85546875 33.9912109375 34.0751953125 34.14453125 34.21484375 34.2958984375 34.41796875 34.6015625 34.7470703125 34.951171875 35.146484375 35.3193359375 35.4892578125 35.66015625 35.7880859375 35.9140625 36.08203125 36.2412109375 36.3779296875 36.5146484375 36.63671875 36.751953125 36.86328125 36.9716796875 37.10546875 37.20703125 37.34765625 37.4453125 37.5556640625
32.8427734375 32.8017578125 32.8134765625 32.8359375 32.845703125 32.849609375 32.8720703125 32.896484375 32.9052734375 32.89453125 32.8671875 32.888671875 32.890625 32.9130859375 32.94921875 32.978515625 33.03515625 33.0947265625 33.1875 33.2734375 33.369140625 33.515625 33.634765625 33.7958984375 33.9462890625 34.0263671875 34.115234375 34.1611328125 34.2236328125 34.3818359375 34.6083984375 34.765625 34.9345703125 35.1435546875 35.3017578125 35.455078125 35.634765625 35.7763671875 36.0087890625 36.1708984375 36.3505859375 36.439453125 36.5751953125 36.716796875 36.8681640625 36.96875 37.08203125 37.1728515625 37.2705078125 37.3798828125 37.470703125 37.5791015625
32.8623046875 32.8701171875 32.845703125 32.8681640625 32.8408203125 32.8623046875 32.859375 32.83203125 32.8076171875 32.8212890625 32.8115234375 32.8173828125 32.8154296875 32.828125 32.845703125 32.87109375 32.947265625 33.0615234375 33.1494140625 33.1923828125 33.2734375 33.439453125 33.5703125 33.671875 33.8115234375 33.8916015625 33.9365234375 34.0048828125 34.15625 34.4306640625 34.767578125 34.939453125 35.1474609375 35.361328125 35.4990234375 35.697265625 35.7939453125 35.923828125 36.0966796875 36.2763671875 36.455078125 36.517578125 36.5888671875 36.7451171875 36.8720703125 36.978515625 37.0830078125 37.1865234375 37.2802734375 37.3857421875 37.5166015625 37.6064453125
32.7998046875 32.8134765625 32.8544921875 32.830078125 32.8330078125 32.869140625 32.892578125 32.8837890625 32.8935546875 32.7451171875 32.83984375 32.7861328125 32.9091796875 32.931640625 32.9833984375 33.0390625 33.1025390625 33.17578125 33.263671875 33.3359375 33.3701171875 33.3857421875 33.5126953125 33.580078125 33.6796875 33.7255859375 33.7392578125 34.01953125 34.3427734375 34.654296875 35.001953125 35.3046875 35.53125 35.669921875 35.83203125 36.05859375 36.03125 36.0849609375 36.2158203125 36.3828125 36.560546875 36.626953125 36.72265625 36.85546875 36.921875 37.0634765625 37.1669921875 37.328125 37.3955078125 37.4677734375 37.5361328125 37.59375
