tests/testdata/Slottskogen.asc
ncols        400
nrows        200
xllcorner    146200.000000000000
yllcorner    6396500.000000000000
cellsize     0.500000000000
NODATA_value  -9999
[rows 38 to 56 of 200, columns 0 to 40 of 400]
37.40000152587890625 37.159999847412109375 36.95999908447265625 36.70999908447265625 36.45999908447265625 36.340000152587890625 36.15000152587890625 35.990001678466796875 35.869998931884765625 35.75 35.68000030517578125 35.590000152587890625 35.520000457763671875 35.409999847412109375 35.270000457763671875 35.1699981689453125 35.04000091552734375 34.979999542236328125 34.939998626708984375 34.869998931884765625 34.810001373291015625 34.75 34.689998626708984375 34.65000152587890625 34.6399993896484375 34.630001068115234375 34.6399993896484375 34.6399993896484375 34.6100006103515625 34.590000152587890625 34.59999847412109375 34.6100006103515625 34.6399993896484375 34.630001068115234375 34.59999847412109375 34.56999969482421875 34.520000457763671875 34.5 34.479999542236328125 34.509998321533203125 34.560001373291015625
37.470001220703125 37.229999542236328125 36.8600006103515625 36.659999847412109375 36.470001220703125 36.34999847412109375 36.220001220703125 36.130001068115234375 36 35.880001068115234375 35.8600006103515625 35.840000152587890625 35.75 35.6100006103515625 35.479999542236328125 35.299999237060546875 35.130001068115234375 35.049999237060546875 34.990001678466796875 34.950000762939453125 34.90000152587890625 34.8600006103515625 34.79000091552734375 34.700000762939453125 34.68000030517578125 34.689998626708984375 34.70999908447265625 34.68000030517578125 34.659999847412109375 34.65000152587890625 34.65000152587890625 34.6399993896484375 34.6399993896484375 34.6699981689453125 34.659999847412109375 34.65000152587890625 34.56999969482421875 34.520000457763671875 34.520000457763671875 34.560001373291015625 34.6399993896484375
37.54000091552734375 37.31999969482421875 36.979999542236328125 36.689998626708984375 36.54000091552734375 36.439998626708984375 36.299999237060546875 36.20999908447265625 36.1100006103515625 36.06999969482421875 36.029998779296875 36 35.939998626708984375 35.810001373291015625 35.630001068115234375 35.40000152587890625 35.159999847412109375 35.1100006103515625 35.049999237060546875 35.009998321533203125 34.979999542236328125 34.93000030517578125 34.880001068115234375 34.799999237060546875 34.770000457763671875 34.759998321533203125 34.75 34.729999542236328125 34.720001220703125 34.70999908447265625 34.700000762939453125 34.700000762939453125 34.689998626708984375 34.68000030517578125 34.70999908447265625 34.700000762939453125 34.65000152587890625 34.59999847412109375 34.590000152587890625 34.619998931884765625 34.68000030517578125
37.619998931884765625 37.490001678466796875 37.20999908447265625 36.75 36.6399993896484375 36.590000152587890625 36.450000762939453125 36.40000152587890625 36.3300018310546875 36.189998626708984375 36.1399993896484375 36.049999237060546875 36.020000457763671875 35.90000152587890625 35.6399993896484375 35.40000152587890625 35.25 35.1699981689453125 35.1100006103515625 35.0800018310546875 35.060001373291015625 35 34.95999908447265625 34.8899993896484375 34.8600006103515625 34.840000152587890625 34.810001373291015625 34.799999237060546875 34.770000457763671875 34.759998321533203125 34.75 34.70999908447265625 34.729999542236328125 34.759998321533203125 34.770000457763671875 34.720001220703125 34.68000030517578125 34.659999847412109375 34.6699981689453125 34.689998626708984375 34.770000457763671875
37.799999237060546875 37.6399993896484375 37.450000762939453125 36.909999847412109375 36.740001678466796875 36.689998626708984375 36.70999908447265625 36.659999847412109375 36.549999237060546875 36.380001068115234375 36.229999542236328125 36.090000152587890625 36 35.840000152587890625 35.590000152587890625 35.45999908447265625 35.3300018310546875 35.229999542236328125 35.159999847412109375 35.1399993896484375 35.159999847412109375 35.060001373291015625 35.009998321533203125 34.939998626708984375 34.909999847412109375 34.8899993896484375 34.8600006103515625 34.8600006103515625 34.8300018310546875 34.810001373291015625 34.79000091552734375 34.79000091552734375 34.799999237060546875 34.8300018310546875 34.84999847412109375 34.799999237060546875 34.740001678466796875 34.689998626708984375 34.70999908447265625 34.770000457763671875 34.8300018310546875
37.909999847412109375 37.799999237060546875 37.590000152587890625 37.029998779296875 36.939998626708984375 36.880001068115234375 36.8300018310546875 36.81999969482421875 36.740001678466796875 36.5 36.270000457763671875 36.130001068115234375 35.93000030517578125 35.779998779296875 35.590000152587890625 35.490001678466796875 35.3600006103515625 35.279998779296875 35.200000762939453125 35.189998626708984375 35.18000030517578125 35.1100006103515625 35.0800018310546875 35.020000457763671875 34.990001678466796875 34.95999908447265625 34.93000030517578125 34.8899993896484375 34.869998931884765625 34.84999847412109375 34.840000152587890625 34.84999847412109375 34.909999847412109375 34.93000030517578125 34.909999847412109375 34.8600006103515625 34.799999237060546875 34.770000457763671875 34.75 34.79000091552734375 34.880001068115234375
37.979999542236328125 37.840000152587890625 37.590000152587890625 37.220001220703125 37.090000152587890625 37 36.909999847412109375 36.799999237060546875 36.770000457763671875 36.529998779296875 36.340000152587890625 36.20999908447265625 35.84999847412109375 35.740001678466796875 35.59999847412109375 35.5 35.40000152587890625 35.299999237060546875 35.240001678466796875 35.20999908447265625 35.189998626708984375 35.18000030517578125 35.130001068115234375 35.09999847412109375 35.049999237060546875 35.020000457763671875 34.979999542236328125 34.950000762939453125 34.93000030517578125 34.909999847412109375 34.90000152587890625 34.970001220703125 35 35 34.990001678466796875 34.95999908447265625 34.869998931884765625 34.81999969482421875 34.81999969482421875 34.8600006103515625 34.93000030517578125
38.060001373291015625 37.90000152587890625 37.56999969482421875 37.340000152587890625 37.189998626708984375 37.06999969482421875 36.939998626708984375 36.8300018310546875 36.70999908447265625 36.6399993896484375 36.3899993896484375 36.15000152587890625 36.060001373291015625 35.799999237060546875 35.6399993896484375 35.549999237060546875 35.450000762939453125 35.340000152587890625 35.270000457763671875 35.25 35.240001678466796875 35.189998626708984375 35.15000152587890625 35.130001068115234375 35.119998931884765625 35.09999847412109375 35.049999237060546875 35.020000457763671875 35 34.979999542236328125 35.04000091552734375 35.020000457763671875 35.0800018310546875 35.049999237060546875 35.049999237060546875 35 34.93000030517578125 34.880001068115234375 34.8899993896484375 34.9199981689453125 35.009998321533203125
38.159999847412109375 37.979999542236328125 37.68000030517578125 37.439998626708984375 37.299999237060546875 37.159999847412109375 37.020000457763671875 36.8899993896484375 36.740001678466796875 36.6399993896484375 36.479999542236328125 36.159999847412109375 36.009998321533203125 35.8600006103515625 35.659999847412109375 35.560001373291015625 35.479999542236328125 35.369998931884765625 35.31999969482421875 35.3300018310546875 35.270000457763671875 35.220001220703125 35.20999908447265625 35.1699981689453125 35.1699981689453125 35.130001068115234375 35.1100006103515625 35.09999847412109375 35.0800018310546875 35.0800018310546875 35.090000152587890625 35.1100006103515625 35.009998321533203125 35.1399993896484375 35.09999847412109375 35.049999237060546875 34.979999542236328125 34.950000762939453125 34.950000762939453125 34.990001678466796875 35.04000091552734375
38.200000762939453125 38 37.70999908447265625 37.5 37.3600006103515625 37.220001220703125 37.06999969482421875 36.909999847412109375 36.810001373291015625 36.68000030517578125 36.520000457763671875 36.299999237060546875 36.0800018310546875 35.869998931884765625 35.700000762939453125 35.56999969482421875 35.5 35.45999908447265625 35.43000030517578125 35.3899993896484375 35.31999969482421875 35.270000457763671875 35.220001220703125 35.200000762939453125 35.229999542236328125 35.20999908447265625 35.18000030517578125 35.1699981689453125 35.159999847412109375 35.15000152587890625 35.15000152587890625 35.189998626708984375 35.220001220703125 35.229999542236328125 35.200000762939453125 35.09999847412109375 35.049999237060546875 35.020000457763671875 35 35.04000091552734375 35.1100006103515625
38.25 38.06999969482421875 37.810001373291015625 37.5800018310546875 37.43000030517578125 37.310001373291015625 37.20999908447265625 37.04000091552734375 36.8899993896484375 36.75 36.5800018310546875 36.380001068115234375 36.15000152587890625 36.020000457763671875 35.880001068115234375 35.659999847412109375 35.549999237060546875 35.529998779296875 35.470001220703125 35.40000152587890625 35.34999847412109375 35.310001373291015625 35.310001373291015625 35.29000091552734375 35.25 35.259998321533203125 35.20999908447265625 35.229999542236328125 35.20999908447265625 35.200000762939453125 35.220001220703125 35.270000457763671875 35.310001373291015625 35.299999237060546875 35.259998321533203125 35.200000762939453125 35.130001068115234375 35.06999969482421875 35.0800018310546875 35.119998931884765625 35.189998626708984375
38.270000457763671875 38.159999847412109375 37.95999908447265625 37.720001220703125 37.479999542236328125 37.479999542236328125 37.4199981689453125 37.29000091552734375 37.0800018310546875 36.93000030517578125 36.720001220703125 36.520000457763671875 36.340000152587890625 36.18000030517578125 35.990001678466796875 35.79000091552734375 35.65000152587890625 35.590000152587890625 35.509998321533203125 35.450000762939453125 35.3899993896484375 35.380001068115234375 35.340000152587890625 35.3300018310546875 35.29000091552734375 35.270000457763671875 35.259998321533203125 35.279998779296875 35.25 35.270000457763671875 35.279998779296875 35.299999237060546875 35.340000152587890625 35.34999847412109375 35.31999969482421875 35.25 35.18000030517578125 35.130001068115234375 35.15000152587890625 35.18000030517578125 35.25
38.439998626708984375 38.20999908447265625 38.06999969482421875 37.8899993896484375 37.630001068115234375 37.6699981689453125 37.630001068115234375 37.3899993896484375 37.18000030517578125 37.0800018310546875 36.95999908447265625 36.779998779296875 36.5 36.310001373291015625 36.130001068115234375 35.939998626708984375 35.759998321533203125 35.689998626708984375 35.59999847412109375 35.509998321533203125 35.439998626708984375 35.409999847412109375 35.380001068115234375 35.380001068115234375 35.380001068115234375 35.31999969482421875 35.31999969482421875 35.29000091552734375 35.310001373291015625 35.310001373291015625 35.3300018310546875 35.3600006103515625 35.3899993896484375 35.40000152587890625 35.380001068115234375 35.310001373291015625 35.240001678466796875 35.20999908447265625 35.20999908447265625 35.25 35.3300018310546875
38.5 38.3300018310546875 38.119998931884765625 37.93000030517578125 37.840000152587890625 37.70999908447265625 37.5800018310546875 37.3899993896484375 37.259998321533203125 37.1699981689453125 37.0800018310546875 36.9199981689453125 36.659999847412109375 36.3899993896484375 36.240001678466796875 36.1100006103515625 35.93000030517578125 35.770000457763671875 35.6699981689453125 35.56999969482421875 35.520000457763671875 35.479999542236328125 35.450000762939453125 35.470001220703125 35.439998626708984375 35.4199981689453125 35.40000152587890625 35.3600006103515625 35.34999847412109375 35.3600006103515625 35.3899993896484375 35.409999847412109375 35.45999908447265625 35.470001220703125 35.45999908447265625 35.380001068115234375 35.31999969482421875 35.259998321533203125 35.279998779296875 35.31999969482421875 35.3899993896484375
38.529998779296875 38.34999847412109375 38.15000152587890625 38.009998321533203125 37.869998931884765625 37.68000030517578125 37.529998779296875 37.439998626708984375 37.31999969482421875 37.1699981689453125 37.029998779296875 36.909999847412109375 36.68000030517578125 36.479999542236328125 36.3300018310546875 36.18000030517578125 36.029998779296875 35.880001068115234375 35.759998321533203125 35.6399993896484375 35.560001373291015625 35.529998779296875 35.5 35.5 35.5 35.479999542236328125 35.439998626708984375 35.43000030517578125 35.43000030517578125 35.439998626708984375 35.43000030517578125 35.479999542236328125 35.520000457763671875 35.549999237060546875 35.5 35.439998626708984375 35.380001068115234375 35.340000152587890625 35.34999847412109375 35.40000152587890625 35.479999542236328125
38.479999542236328125 38.310001373291015625 38.189998626708984375 38.090000152587890625 37.909999847412109375 37.68000030517578125 37.529998779296875 37.479999542236328125 37.34999847412109375 37.18000030517578125 37.049999237060546875 36.869998931884765625 36.6699981689453125 36.54000091552734375 36.4199981689453125 36.259998321533203125 36.159999847412109375 36.029998779296875 35.79000091552734375 35.689998626708984375 35.65000152587890625 35.6100006103515625 35.5800018310546875 35.549999237060546875 35.529998779296875 35.520000457763671875 35.5 35.5 35.520000457763671875 35.509998321533203125 35.509998321533203125 35.520000457763671875 35.560001373291015625 35.590000152587890625 35.560001373291015625 35.5 35.43000030517578125 35.4199981689453125 35.450000762939453125 35.470001220703125 35.549999237060546875
38.549999237060546875 38.340000152587890625 38.229999542236328125 38.1100006103515625 37.869998931884765625 37.770000457763671875 37.70999908447265625 37.560001373291015625 37.3899993896484375 37.200000762939453125 37.130001068115234375 37.049999237060546875 36.869998931884765625 36.68000030517578125 36.590000152587890625 36.40000152587890625 36.310001373291015625 36.1699981689453125 35.9199981689453125 35.799999237060546875 35.720001220703125 35.700000762939453125 35.659999847412109375 35.6699981689453125 35.6399993896484375 35.619998931884765625 35.5800018310546875 35.5800018310546875 35.560001373291015625 35.549999237060546875 35.549999237060546875 35.56999969482421875 35.59999847412109375 35.619998931884765625 35.59999847412109375 35.549999237060546875 35.479999542236328125 35.45999908447265625 35.5 35.529998779296875 35.630001068115234375
38.54000091552734375 38.470001220703125 38.299999237060546875 38.18000030517578125 38.049999237060546875 38.009998321533203125 37.970001220703125 37.840000152587890625 37.56999969482421875 37.3600006103515625 37.279998779296875 37.20999908447265625 37.1100006103515625 36.939998626708984375 36.770000457763671875 36.6100006103515625 36.439998626708984375 36.29000091552734375 36.04000091552734375 35.9199981689453125 35.84999847412109375 35.810001373291015625 35.79000091552734375 35.770000457763671875 35.759998321533203125 35.729999542236328125 35.720001220703125 35.6699981689453125 35.6399993896484375 35.619998931884765625 35.619998931884765625 35.619998931884765625 35.6399993896484375 35.659999847412109375 35.6699981689453125 35.6100006103515625 35.549999237060546875 35.54000091552734375 35.560001373291015625 35.6100006103515625 35.70999908447265625
38.549999237060546875 38.470001220703125 38.409999847412109375 38.279998779296875 38.279998779296875 38.200000762939453125 38.119998931884765625 38.04000091552734375 37.90000152587890625 37.8300018310546875 37.659999847412109375 37.310001373291015625 37.1399993896484375 37.09999847412109375 36.9199981689453125 36.70999908447265625 36.529998779296875 36.31999969482421875 36.130001068115234375 36.020000457763671875 35.979999542236328125 35.950000762939453125 35.93000030517578125 35.880001068115234375 35.8600006103515625 35.840000152587890625 35.810001373291015625 35.779998779296875 35.779998779296875 35.75 35.700000762939453125 35.70999908447265625 35.70999908447265625 35.740001678466796875 35.729999542236328125 35.659999847412109375 35.619998931884765625 35.59999847412109375 35.630001068115234375 35.689998626708984375 35.79000091552734375
