tests/testdata/Slottskogen.asc
ncols        322
nrows        178
xllcorner    316972.000000000000
yllcorner    6397551.000000000000
cellsize     2.000000000000
NODATA_value  -9999
[rows 69 to 91 of 178, columns 208 to 259 of 322]
41.794921875 42.5234375 43.2412109375 44.4541015625 45.1376953125 46.8291015625 47.5908203125 48.5498046875 49.748046875 50.3623046875 50.9189453125 51.5625 51.9130859375 52.17578125 52.392578125 52.7861328125 53.3515625 53.125 52.701171875 51.697265625 51.1953125 50.5595703125 50.8291015625 51.109375 51.353515625 51.58203125 51.2822265625 52.4150390625 53.8408203125 54.6328125 55.2109375 55.552734375 55.65625 55.76171875 55.9033203125 56.1474609375 56.3916015625 56.5107421875 56.416015625 56.4873046875 57.123046875 57.65234375 58.083984375 58.65625 59.54296875 60.1708984375 60.787109375 61.478515625 61.611328125 62.189453125 62.8486328125 63.3515625
41.5771484375 42.4248046875 43.603515625 44.4970703125 45.615234375 46.6572265625 47.7158203125 48.6328125 49.4599609375 50.1025390625 50.5810546875 51.5380859375 51.775390625 51.90625 52.486328125 52.548828125 52.4736328125 52.203125 51.171875 49.892578125 49.8681640625 50.185546875 50.4599609375 50.470703125 50.5869140625 51.033203125 51.58984375 53.568359375 54.1416015625 54.71875 55.3046875 55.5693359375 55.666015625 55.7099609375 55.5751953125 55.95703125 56.5576171875 56.7001953125 56.7490234375 56.7939453125 57.47265625 58.6044921875 58.623046875 58.8603515625 59.658203125 60.2705078125 60.888671875 61.1953125 61.7431640625 62.6669921875 63.068359375 63.3583984375
40.6513671875 42.58984375 43.8134765625 44.494140625 45.220703125 46.0107421875 47.4912109375 48.8359375 49.74609375 50.3134765625 50.802734375 51.359375 51.78515625 51.8095703125 51.73828125 51.8583984375 51.5546875 51.3046875 50.0703125 49.4638671875 49.630859375 49.9208984375 49.96875 49.9453125 50.3603515625 51.337890625 52.9638671875 53.7548828125 53.7119140625 53.9990234375 54.75390625 55.3798828125 55.4794921875 55.4482421875 55.404296875 55.8701171875 56.6181640625 56.8896484375 57.0615234375 57.322265625 58.4677734375 58.6767578125 58.673828125 58.7177734375 59.8251953125 60.4755859375 60.744140625 61.2421875 61.80859375 62.6728515625 63.177734375 63.513671875
39.259765625 41.38671875 42.4453125 42.927734375 43.8720703125 44.7548828125 46.0888671875 47.8310546875 48.7802734375 49.77734375 50.1923828125 51.01953125 50.85546875 50.955078125 51.09375 51.05859375 50.791015625 49.4208984375 49.0947265625 49.0927734375 49.375 49.62109375 49.7060546875 50.0537109375 50.8037109375 52.1806640625 52.6884765625 53.2685546875 53.4375 53.6572265625 53.8603515625 54.4599609375 54.8955078125 55.169921875 55.42578125 55.8740234375 56.2236328125 56.8173828125 57.2763671875 57.5478515625 57.9580078125 58.466796875 58.6171875 58.6962890625 59.19140625 60.142578125 60.693359375 61.17578125 61.857421875 62.9130859375 63.2001953125 63.4794921875
37.7607421875 39.37890625 40.5927734375 41.279296875 42.380859375 43.6533203125 44.662109375 46.013671875 47.046875 47.5576171875 47.9208984375 48.9912109375 48.84375 49.1396484375 49.673828125 49.861328125 49.0849609375 48.5947265625 48.431640625 48.625 49.0478515625 49.3173828125 49.876953125 50.603515625 51.48828125 51.841796875 52.1689453125 52.5380859375 52.671875 53.2607421875 53.5927734375 54.0107421875 54.6171875 55.09765625 55.5498046875 55.828125 56.03125 56.4765625 56.9990234375 57.6396484375 57.99609375 58.28125 58.5888671875 58.693359375 58.8916015625 59.5869140625 60.25 61.0478515625 61.7197265625 63.029296875 63.220703125 63.435546875
36.650390625 37.736328125 38.642578125 39.390625 40.7060546875 42.111328125 43.390625 44.302734375 44.9228515625 45.6689453125 46.2177734375 46.4814453125 46.658203125 46.9677734375 46.6796875 46.974609375 47.2412109375 47.814453125 48.3447265625 48.6640625 48.7412109375 48.8798828125 49.185546875 50.1728515625 51.0244140625 51.0888671875 51.7099609375 52.423828125 52.3115234375 52.345703125 52.8466796875 53.3701171875 54.275390625 55.193359375 55.654296875 55.91015625 56.0283203125 56.3564453125 56.693359375 57.2412109375 57.9033203125 58.34375 58.6416015625 58.8720703125 58.9677734375 59.37890625 60.1005859375 60.986328125 61.787109375 62.802734375 63.0615234375 63.5263671875
37.58984375 37.908203125 37.990234375 38.1357421875 39.041015625 40.5224609375 41.5546875 42.328125 42.7998046875 43.5654296875 44.01171875 44.318359375 44.8251953125 44.923828125 45.37890625 47.046875 47.6884765625 48.0576171875 48.296875 48.2509765625 48.310546875 48.5576171875 49.041015625 49.7353515625 50.2880859375 50.6455078125 51.1328125 51.8603515625 51.6572265625 51.8642578125 52.2392578125 52.9345703125 53.806640625 54.6455078125 55.3759765625 55.8466796875 56.083984375 56.212890625 56.5732421875 57.2060546875 57.37109375 57.9755859375 58.75390625 58.96875 59.193359375 59.326171875 59.853515625 60.78125 62.2880859375 62.994140625 63.1298828125 63.7353515625
37.841796875 37.8466796875 37.8583984375 37.7685546875 38.615234375 39.15625 39.6376953125 40.2998046875 40.6474609375 41.2314453125 41.4814453125 42.1123046875 42.9150390625 43.7705078125 44.9443359375 46.1376953125 46.9013671875 47.197265625 47.615234375 47.6298828125 47.994140625 48.1669921875 48.5126953125 49.1513671875 49.466796875 49.615234375 50.2998046875 50.533203125 50.6357421875 51.271484375 52.0029296875 52.6953125 53.3388671875 54.251953125 54.986328125 55.5087890625 55.8603515625 56.267578125 56.724609375 56.9169921875 57.11328125 57.548828125 58.400390625 58.984375 59.3447265625 59.583984375 59.8857421875 60.599609375 62.4091796875 63.46875 63.48828125 64.1650390625
37.81640625 37.76953125 37.322265625 37.2646484375 37.873046875 38.435546875 38.86328125 39.0341796875 39.1962890625 38.4482421875 39.2119140625 39.888671875 42.2197265625 43.0380859375 43.935546875 45.09375 45.8505859375 46.3818359375 47.146484375 47.177734375 47.79296875 47.7607421875 47.6826171875 47.8251953125 48.4228515625 48.4501953125 48.9580078125 49.681640625 50.4189453125 51.140625 51.7587890625 52.35546875 53.1064453125 54.2158203125 54.8134765625 55.146484375 55.4658203125 56.158203125 56.6328125 56.7548828125 57.04296875 57.375 57.6845703125 58.4521484375 59.4169921875 59.84765625 60.10546875 60.6240234375 62.5576171875 63.3134765625 63.6005859375 64.2490234375
37.77734375 37.5927734375 37.0390625 36.982421875 37.05859375 37.564453125 37.5693359375 37.9423828125 37.9755859375 38.3486328125 38.5986328125 39.783203125 41.3974609375 42.728515625 43.4765625 44.2900390625 45.0615234375 45.5283203125 46.455078125 46.4755859375 46.5830078125 46.775390625 46.740234375 46.626953125 46.9150390625 47.6787109375 48.3642578125 49.421875 50.4853515625 50.8603515625 51.2802734375 51.62109375 52.6796875 53.669921875 54.322265625 54.833984375 55.2197265625 55.8515625 56.3779296875 56.7841796875 57.1171875 57.4287109375 57.25 57.775390625 58.9169921875 59.984375 60.39453125 60.7744140625 61.78125 62.7275390625 63.390625 63.9609375
37.779296875 37.630859375 37.1142578125 36.970703125 36.9970703125 37.033203125 37.0234375 37.0771484375 38.080078125 38.2314453125 38.8857421875 39.8154296875 40.388671875 41.5283203125 42.451171875 43.015625 44.015625 44.29296875 45.091796875 45.4931640625 45.7646484375 45.5986328125 45.6640625 45.7099609375 46.2255859375 46.8798828125 47.7421875 48.6865234375 49.4990234375 50.2607421875 50.2724609375 50.2880859375 51.34765625 53.0390625 53.927734375 54.4765625 54.9736328125 55.392578125 55.861328125 56.2841796875 56.71875 57.02734375 56.8564453125 57.181640625 58.35546875 59.591796875 60.572265625 61.0537109375 61.48046875 62.5087890625 63.1474609375 63.7568359375
37.7685546875 37.7275390625 37.4287109375 37.021484375 36.994140625 37.0244140625 37.0556640625 37.3349609375 37.9013671875 38.2919921875 39.0634765625 39.5458984375 39.939453125 40.58203125 41.943359375 42.5966796875 42.169921875 42.310546875 43.4384765625 44.1826171875 44.5185546875 44.2451171875 44.18359375 44.833984375 45.1962890625 45.7412109375 47.0390625 48.171875 49.0068359375 49.6494140625 49.8427734375 49.9423828125 50.357421875 51.9208984375 53.1650390625 53.8955078125 54.6826171875 55.1455078125 55.4501953125 55.8583984375 56.181640625 56.365234375 56.455078125 57.0087890625 58.00390625 59.28125 60.4560546875 61.2353515625 61.73828125 62.1650390625 62.6630859375 63.08203125
37.845703125 37.7294921875 37.7099609375 37.54296875 37.341796875 37.271484375 37.4072265625 37.650390625 38.0244140625 38.576171875 38.9287109375 39.3134765625 39.62890625 41.9091796875 42.591796875 43.30078125 42.6982421875 42.4716796875 41.90625 42.240234375 42.2529296875 42.779296875 43.22265625 43.8134765625 44.32421875 44.6083984375 45.640625 47.0615234375 48.2958984375 48.94921875 49.4326171875 49.3798828125 49.6865234375 50.7138671875 52.265625 53.0107421875 54.05859375 54.8095703125 55.111328125 55.296875 55.666015625 55.93359375 56.1845703125 56.62109375 57.6396484375 58.7607421875 60.0869140625 61.24609375 61.9716796875 62.3681640625 62.671875 62.8798828125
37.791015625 37.8310546875 37.9091796875 37.9609375 37.974609375 37.8310546875 38.0283203125 38.35546875 38.51953125 38.6728515625 38.8408203125 39.0078125 39.224609375 39.837890625 41.232421875 42.9013671875 42.119140625 41.333984375 40.8134765625 41.08203125 41.43359375 41.9599609375 42.462890625 42.9990234375 43.5029296875 43.75 43.80859375 44.3076171875 45.7099609375 47.615234375 47.9609375 48.5966796875 48.9443359375 49.5751953125 50.8212890625 51.8232421875 53.095703125 53.8935546875 54.251953125 54.6328125 55.2109375 55.669921875 56.1416015625 56.8046875 57.2939453125 58.267578125 59.6044921875 60.7939453125 61.56640625 61.943359375 62.072265625 62.259765625
37.650390625 37.7841796875 38.01171875 38.080078125 38.1513671875 38.21484375 38.326171875 38.404296875 38.5517578125 38.6728515625 38.8544921875 38.9794921875 39.0927734375 39.2890625 39.427734375 40.1484375 40.4287109375 40.0693359375 40.375 40.720703125 41.126953125 41.6279296875 41.849609375 42.267578125 42.8740234375 43.158203125 43.1806640625 43.126953125 43.6044921875 44.9404296875 46.1494140625 46.591796875 47.71875 48.3935546875 50.3681640625 50.95703125 52.2919921875 53.28515625 53.748046875 54.2529296875 54.9189453125 55.4619140625 56.2412109375 56.822265625 57.16015625 58.087890625 59.4169921875 60.3037109375 61.0283203125 61.072265625 61.0673828125 61.015625
37.5615234375 37.697265625 37.9189453125 38.044921875 38.17578125 38.20703125 38.3193359375 38.4443359375 38.552734375 38.6328125 38.7763671875 38.9404296875 39.083984375 39.255859375 39.41796875 39.623046875 39.728515625 39.892578125 40.1259765625 40.3759765625 40.85546875 41.3310546875 41.6318359375 42.0146484375 42.2841796875 42.5625 42.7978515625 42.93359375 42.9306640625 43.1103515625 43.259765625 44.044921875 44.65234375 46.330078125 47.9052734375 49.935546875 50.6474609375 52.66015625 53.4384765625 54.1259765625 54.5380859375 55.076171875 56.0087890625 56.6572265625 57.2734375 57.876953125 59.07421875 59.814453125 60.2431640625 60.208984375 60.28125 60.474609375
37.3720703125 37.5908203125 37.833984375 38.013671875 38.1611328125 38.234375 38.279296875 38.443359375 38.58984375 38.7119140625 38.7578125 38.9052734375 39.009765625 39.1728515625 39.337890625 39.55078125 39.7451171875 39.8896484375 40.0009765625 40.2314453125 40.5703125 40.96875 41.365234375 41.6826171875 41.998046875 42.263671875 42.521484375 42.8271484375 42.892578125 42.8896484375 42.8994140625 43.0478515625 43.259765625 43.8349609375 45.5478515625 48.1318359375 48.66015625 51.052734375 53.00390625 53.5400390625 54.2138671875 54.9443359375 55.6826171875 56.494140625 56.8291015625 57.455078125 58.5185546875 58.87109375 59.04296875 59.427734375 59.771484375 59.896484375
37.357421875 37.59375 37.8037109375 37.9677734375 38.1259765625 38.232421875 38.322265625 38.37890625 38.5712890625 38.6865234375 38.75 38.8740234375 38.966796875 39.1142578125 39.2333984375 39.427734375 39.6083984375 39.787109375 39.8828125 40.0634765625 40.34375 40.72265625 41.0849609375 41.2578125 41.5458984375 41.84765625 42.220703125 42.55078125 42.62890625 42.7353515625 42.943359375 43.109375 43.310546875 43.9501953125 44.51953125 45.3701171875 45.9775390625 48.822265625 51.3896484375 52.61328125 53.1728515625 54.447265625 55.353515625 56.2939453125 56.58203125 56.8271484375 57.3046875 57.681640625 57.70703125 58.3798828125 59.056640625 59.302734375
37.6025390625 37.7021484375 37.8095703125 37.9375 38.0888671875 38.2138671875 38.30859375 38.455078125 38.48828125 38.6318359375 38.7373046875 38.880859375 38.953125 39.0556640625 39.173828125 39.314453125 39.4931640625 39.6689453125 39.7958984375 39.8818359375 40.16015625 40.4365234375 40.7021484375 40.9052734375 41.1923828125 41.58984375 41.9345703125 42.314453125 42.4853515625 42.6142578125 42.81640625 43.1279296875 43.400390625 43.509765625 43.9072265625 44.4033203125 44.890625 45.4501953125 48.1220703125 50.37890625 51.3720703125 53.8193359375 54.951171875 55.6572265625 55.7099609375 55.7568359375 56.244140625 56.490234375 56.84765625 57.62109375 58.2236328125 58.505859375
37.6650390625 37.7783203125 37.880859375 37.96484375 38.07421875 38.162109375 38.25390625 38.3369140625 38.4443359375 38.53125 38.640625 38.810546875 38.90625 39.115234375 39.1083984375 39.2041015625 39.3505859375 39.5234375 39.658203125 39.6796875 39.8818359375 40.1943359375 40.427734375 40.7158203125 40.9951171875 41.33203125 41.6455078125 41.9775390625 42.234375 42.396484375 42.5986328125 42.859375 43.2607421875 43.3466796875 43.67578125 44.013671875 44.1328125 44.45703125 45.3125 46.3408203125 47.4052734375 51.6396484375 53.3056640625 53.07421875 52.5634765625 53.984375 55.345703125 55.462890625 55.7138671875 56.23046875 56.6650390625 57.041015625
37.6611328125 37.7421875 37.8525390625 37.9052734375 37.9912109375 38.0751953125 38.17578125 38.2607421875 38.3818359375 38.4658203125 38.5341796875 38.6396484375 38.787109375 38.87109375 38.9482421875 39.04296875 39.1640625 39.3212890625 39.44140625 39.541015625 39.7158203125 40.0009765625 40.2822265625 40.5458984375 40.7705078125 41.056640625 41.427734375 41.705078125 41.8408203125 42.126953125 42.34375 42.4970703125 42.90625 43.083984375 43.283203125 43.58984375 43.720703125 43.9013671875 43.9921875 44.134765625 44.416015625 45.025390625 50.173828125 50.0888671875 49.9521484375 50.5908203125 53.1416015625 54.1298828125 54.203125 54.3310546875 55.0947265625 54.8330078125
37.7041015625 37.796875 37.861328125 37.9677734375 38.0302734375 38.111328125 38.1962890625 38.283203125 38.3798828125 38.4814453125 38.5771484375 38.6552734375 38.7666015625 38.830078125 38.9169921875 39.017578125 39.1328125 39.2470703125 39.2890625 39.412109375 39.65625 39.830078125 40.025390625 40.2822265625 40.6103515625 40.7333984375 41.0712890625 41.3330078125 41.568359375 41.90234375 41.9482421875 42.087890625 42.3583984375 42.6162109375 42.849609375 43.111328125 43.201171875 43.458984375 43.591796875 43.732421875 43.7529296875 43.8115234375 44.1044921875 46.01171875 47.1162109375 48.28515625 49.755859375 50.28515625 51.3466796875 52.447265625 52.6904296875 52.93359375
37.671875 37.748046875 37.822265625 37.9150390625 38.013671875 38.1044921875 38.2041015625 38.294921875 38.3994140625 38.48828125 38.6025390625 38.732421875 38.8115234375 38.8916015625 38.9658203125 39.0849609375 39.15234375 39.23046875 39.30859375 39.408203125 39.625 39.8095703125 39.9609375 40.123046875 40.3583984375 40.4716796875 40.6875 40.9677734375 41.2412109375 41.515625 41.5966796875 41.6513671875 41.861328125 42.0888671875 42.287109375 42.38671875 42.5341796875 42.8681640625 43.0908203125 43.3388671875 43.2841796875 43.4033203125 43.4462890625 43.599609375 44.4443359375 44.73828125 45.5029296875 46.3876953125 46.8828125 48.849609375 48.48046875 49.572265625
