tests/testdata/Slottskogen.asc
ncols        400
nrows        200
xllcorner    146200.000000000000
yllcorner    6396500.000000000000
cellsize     0.500000000000
NODATA_value  -9999
[rows 133 to 151 of 200, columns 0 to 40 of 400]
39.59999847412109375 39.450000762939453125 39.31999969482421875 39.15000152587890625 39.020000457763671875 38.880001068115234375 38.720001220703125 38.59999847412109375 38.45999908447265625 38.34999847412109375 38.279998779296875 38.200000762939453125 38.0800018310546875 38.04000091552734375 37.95999908447265625 37.8600006103515625 37.770000457763671875 37.75 37.799999237060546875 37.759998321533203125 37.81999969482421875 37.799999237060546875 37.8300018310546875 37.8300018310546875 37.84999847412109375 37.840000152587890625 37.840000152587890625 37.810001373291015625 37.81999969482421875 37.8899993896484375 37.970001220703125 38.06999969482421875 38.1699981689453125 38.270000457763671875 38.3600006103515625 38.43000030517578125 38.549999237060546875 38.659999847412109375 38.840000152587890625 39.1100006103515625 39.159999847412109375
39.619998931884765625 39.45999908447265625 39.279998779296875 39.09999847412109375 39.029998779296875 38.840000152587890625 38.68000030517578125 38.529998779296875 38.3899993896484375 38.3300018310546875 38.25 38.15000152587890625 38.049999237060546875 37.95999908447265625 37.8600006103515625 37.770000457763671875 37.75 37.770000457763671875 37.770000457763671875 37.770000457763671875 37.79000091552734375 37.779998779296875 37.810001373291015625 37.810001373291015625 37.8300018310546875 37.81999969482421875 37.810001373291015625 37.799999237060546875 37.8300018310546875 37.909999847412109375 38.009998321533203125 38.09999847412109375 38.200000762939453125 38.299999237060546875 38.3899993896484375 38.479999542236328125 38.590000152587890625 38.720001220703125 38.8300018310546875 39.04000091552734375 39.15000152587890625
39.479999542236328125 39.3600006103515625 39.220001220703125 39.0800018310546875 39.029998779296875 38.840000152587890625 38.630001068115234375 38.470001220703125 38.369998931884765625 38.279998779296875 38.189998626708984375 38.119998931884765625 38.06999969482421875 37.9199981689453125 37.810001373291015625 37.729999542236328125 37.729999542236328125 37.740001678466796875 37.75 37.770000457763671875 37.79000091552734375 37.799999237060546875 37.799999237060546875 37.799999237060546875 37.81999969482421875 37.810001373291015625 37.770000457763671875 37.779998779296875 37.84999847412109375 37.950000762939453125 38.04000091552734375 38.15000152587890625 38.25 38.34999847412109375 38.409999847412109375 38.54000091552734375 38.659999847412109375 38.840000152587890625 38.95999908447265625 39.04000091552734375 39.240001678466796875
39.40000152587890625 39.279998779296875 39.1399993896484375 39.049999237060546875 38.9199981689453125 38.729999542236328125 38.529998779296875 38.4199981689453125 38.310001373291015625 38.220001220703125 38.09999847412109375 38.020000457763671875 37.950000762939453125 37.8600006103515625 37.779998779296875 37.70999908447265625 37.700000762939453125 37.75 37.75 37.770000457763671875 37.779998779296875 37.79000091552734375 37.779998779296875 37.810001373291015625 37.779998779296875 37.770000457763671875 37.740001678466796875 37.810001373291015625 37.8899993896484375 37.970001220703125 38.09999847412109375 38.20999908447265625 38.310001373291015625 38.40000152587890625 38.479999542236328125 38.590000152587890625 38.75 38.990001678466796875 39.1100006103515625 39.270000457763671875 39.34999847412109375
39.31999969482421875 39.220001220703125 39.060001373291015625 38.939998626708984375 38.79000091552734375 38.6399993896484375 38.479999542236328125 38.369998931884765625 38.25 38.189998626708984375 38.06999969482421875 37.93000030517578125 37.8600006103515625 37.75 37.590000152587890625 37.65000152587890625 37.720001220703125 37.729999542236328125 37.729999542236328125 37.770000457763671875 37.75 37.770000457763671875 37.779998779296875 37.79000091552734375 37.79000091552734375 37.729999542236328125 37.759998321533203125 37.8300018310546875 37.909999847412109375 38.029998779296875 38.1399993896484375 38.25 38.3600006103515625 38.43000030517578125 38.529998779296875 38.659999847412109375 38.779998779296875 38.979999542236328125 39.240001678466796875 39.31999969482421875 39.439998626708984375
39.240001678466796875 39.130001068115234375 39 38.840000152587890625 38.689998626708984375 38.560001373291015625 38.409999847412109375 38.299999237060546875 38.20999908447265625 38.15000152587890625 37.9199981689453125 37.689998626708984375 37.75 37.770000457763671875 37.59999847412109375 37.59999847412109375 37.659999847412109375 37.70999908447265625 37.740001678466796875 37.740001678466796875 37.75 37.779998779296875 37.770000457763671875 37.770000457763671875 37.759998321533203125 37.729999542236328125 37.799999237060546875 37.869998931884765625 37.970001220703125 38.060001373291015625 38.189998626708984375 38.29000091552734375 38.369998931884765625 38.450000762939453125 38.54000091552734375 38.68000030517578125 38.84999847412109375 39.009998321533203125 39.1100006103515625 39.25 39.450000762939453125
39.1699981689453125 39.0800018310546875 38.880001068115234375 38.75 38.65000152587890625 38.5 38.34999847412109375 38.200000762939453125 38.119998931884765625 38.020000457763671875 37.810001373291015625 37.68000030517578125 37.70999908447265625 37.729999542236328125 37.65000152587890625 37.659999847412109375 37.6699981689453125 37.689998626708984375 37.70999908447265625 37.729999542236328125 37.75 37.75 37.75 37.770000457763671875 37.689998626708984375 37.740001678466796875 37.8600006103515625 37.93000030517578125 38.020000457763671875 38.119998931884765625 38.25 38.3300018310546875 38.3899993896484375 38.479999542236328125 38.590000152587890625 38.68000030517578125 38.81999969482421875 38.970001220703125 39.130001068115234375 39.310001373291015625 39.450000762939453125
39.1399993896484375 39.049999237060546875 38.779998779296875 38.68000030517578125 38.529998779296875 38.4199981689453125 38.29000091552734375 38.159999847412109375 38.06999969482421875 37.81999969482421875 37.770000457763671875 37.65000152587890625 37.56999969482421875 37.659999847412109375 37.6699981689453125 37.619998931884765625 37.6699981689453125 37.689998626708984375 37.70999908447265625 37.700000762939453125 37.70999908447265625 37.75 37.740001678466796875 37.740001678466796875 37.700000762939453125 37.779998779296875 37.90000152587890625 37.95999908447265625 38.0800018310546875 38.20999908447265625 38.29000091552734375 38.369998931884765625 38.439998626708984375 38.560001373291015625 38.65000152587890625 38.720001220703125 38.810001373291015625 38.93000030517578125 39.18000030517578125 39.380001068115234375 39.520000457763671875
39.029998779296875 38.9199981689453125 38.770000457763671875 38.619998931884765625 38.5 38.40000152587890625 38.270000457763671875 38.1699981689453125 38.009998321533203125 37.84999847412109375 37.759998321533203125 37.560001373291015625 37.54000091552734375 37.630001068115234375 37.6399993896484375 37.659999847412109375 37.619998931884765625 37.68000030517578125 37.68000030517578125 37.700000762939453125 37.700000762939453125 37.720001220703125 37.729999542236328125 37.70999908447265625 37.700000762939453125 37.81999969482421875 37.93000030517578125 38.049999237060546875 38.20999908447265625 38.279998779296875 38.340000152587890625 38.40000152587890625 38.5 38.59999847412109375 38.68000030517578125 38.75 38.84999847412109375 38.990001678466796875 39.15000152587890625 39.43000030517578125 39.560001373291015625
38.95999908447265625 38.8300018310546875 38.659999847412109375 38.509998321533203125 38.43000030517578125 38.380001068115234375 38.270000457763671875 38.06999969482421875 37.90000152587890625 37.79000091552734375 37.720001220703125 37.659999847412109375 37.6100006103515625 37.6100006103515625 37.630001068115234375 37.6399993896484375 37.65000152587890625 37.6699981689453125 37.6699981689453125 37.689998626708984375 37.700000762939453125 37.689998626708984375 37.68000030517578125 37.659999847412109375 37.75 37.84999847412109375 37.979999542236328125 38.270000457763671875 38.45999908447265625 38.40000152587890625 38.40000152587890625 38.43000030517578125 38.520000457763671875 38.619998931884765625 38.720001220703125 38.6399993896484375 38.950000762939453125 39.1100006103515625 39.259998321533203125 39.4199981689453125 39.529998779296875
38.909999847412109375 38.729999542236328125 38.6100006103515625 38.450000762939453125 38.34999847412109375 38.270000457763671875 38.130001068115234375 37.9199981689453125 37.79000091552734375 37.700000762939453125 37.619998931884765625 37.59999847412109375 37.590000152587890625 37.59999847412109375 37.54000091552734375 37.619998931884765625 37.630001068115234375 37.6399993896484375 37.6699981689453125 37.68000030517578125 37.68000030517578125 37.689998626708984375 37.659999847412109375 37.700000762939453125 37.779998779296875 37.90000152587890625 38.09999847412109375 38.34999847412109375 38.4199981689453125 38.409999847412109375 38.4199981689453125 38.450000762939453125 38.560001373291015625 38.68000030517578125 38.799999237060546875 38.869998931884765625 39.20999908447265625 39.25 39.310001373291015625 39.439998626708984375 39.549999237060546875
38.70999908447265625 38.619998931884765625 38.560001373291015625 38.369998931884765625 38.240001678466796875 38.090000152587890625 37.979999542236328125 37.84999847412109375 37.729999542236328125 37.6100006103515625 37.6100006103515625 37.529998779296875 37.560001373291015625 37.590000152587890625 37.6100006103515625 37.630001068115234375 37.5800018310546875 37.65000152587890625 37.65000152587890625 37.6699981689453125 37.6699981689453125 37.65000152587890625 37.65000152587890625 37.729999542236328125 37.810001373291015625 37.950000762939453125 38.159999847412109375 38.310001373291015625 38.369998931884765625 38.340000152587890625 38.45999908447265625 38.529998779296875 38.590000152587890625 38.729999542236328125 38.8600006103515625 39.0800018310546875 39.29000091552734375 39.369998931884765625 39.409999847412109375 39.509998321533203125 39.549999237060546875
38.65000152587890625 38.590000152587890625 38.509998321533203125 38.220001220703125 38.090000152587890625 38.049999237060546875 37.93000030517578125 37.810001373291015625 37.6399993896484375 37.549999237060546875 37.59999847412109375 37.54000091552734375 37.549999237060546875 37.520000457763671875 37.560001373291015625 37.6100006103515625 37.630001068115234375 37.65000152587890625 37.630001068115234375 37.65000152587890625 37.659999847412109375 37.630001068115234375 37.689998626708984375 37.740001678466796875 37.8600006103515625 38.009998321533203125 38.18000030517578125 38.29000091552734375 38.279998779296875 38.380001068115234375 38.54000091552734375 38.6100006103515625 38.68000030517578125 38.740001678466796875 38.869998931884765625 38.90000152587890625 39.229999542236328125 39.340000152587890625 39.45999908447265625 39.560001373291015625 39.619998931884765625
38.59999847412109375 38.619998931884765625 38.45999908447265625 38.240001678466796875 38.020000457763671875 37.79000091552734375 37.79000091552734375 37.619998931884765625 37.54000091552734375 37.529998779296875 37.509998321533203125 37.520000457763671875 37.549999237060546875 37.54000091552734375 37.560001373291015625 37.5800018310546875 37.59999847412109375 37.6399993896484375 37.630001068115234375 37.65000152587890625 37.59999847412109375 37.630001068115234375 37.689998626708984375 37.759998321533203125 37.869998931884765625 38 38.1699981689453125 38.20999908447265625 38.04000091552734375 38.31999969482421875 38.5800018310546875 38.68000030517578125 38.759998321533203125 38.8300018310546875 38.939998626708984375 39.06999969482421875 39.229999542236328125 39.3600006103515625 39.549999237060546875 39.630001068115234375 39.689998626708984375
38.5 38.549999237060546875 38.3300018310546875 38.060001373291015625 37.95999908447265625 37.700000762939453125 37.700000762939453125 37.68000030517578125 37.59999847412109375 37.549999237060546875 37.45999908447265625 37.479999542236328125 37.5 37.54000091552734375 37.56999969482421875 37.5800018310546875 37.5800018310546875 37.59999847412109375 37.6100006103515625 37.630001068115234375 37.590000152587890625 37.65000152587890625 37.720001220703125 37.81999969482421875 37.9199981689453125 38.009998321533203125 38.119998931884765625 38.200000762939453125 38.310001373291015625 38.4199981689453125 38.549999237060546875 38.659999847412109375 38.779998779296875 38.950000762939453125 39.04000091552734375 39.15000152587890625 39.279998779296875 39.40000152587890625 39.59999847412109375 39.6699981689453125 39.720001220703125
38.439998626708984375 38.380001068115234375 38.200000762939453125 38 37.8600006103515625 37.759998321533203125 37.68000030517578125 37.5800018310546875 37.5 37.409999847412109375 37.490001678466796875 37.520000457763671875 37.490001678466796875 37.529998779296875 37.560001373291015625 37.56999969482421875 37.590000152587890625 37.6100006103515625 37.590000152587890625 37.56999969482421875 37.6100006103515625 37.689998626708984375 37.779998779296875 37.869998931884765625 37.990001678466796875 38.06999969482421875 38.1399993896484375 38.25 38.31999969482421875 38.439998626708984375 38.590000152587890625 38.740001678466796875 38.8899993896484375 39.0800018310546875 39.189998626708984375 39.25 39.340000152587890625 39.470001220703125 39.630001068115234375 39.6699981689453125 39.770000457763671875
38.3300018310546875 38.189998626708984375 38.060001373291015625 37.799999237060546875 37.439998626708984375 37.6100006103515625 37.560001373291015625 37.5 37.490001678466796875 37.470001220703125 37.479999542236328125 37.5 37.509998321533203125 37.54000091552734375 37.529998779296875 37.549999237060546875 37.560001373291015625 37.5800018310546875 37.56999969482421875 37.590000152587890625 37.68000030517578125 37.729999542236328125 37.81999969482421875 37.93000030517578125 38.029998779296875 38.130001068115234375 38.200000762939453125 38.29000091552734375 38.3600006103515625 38.45999908447265625 38.56999969482421875 38.720001220703125 38.9199981689453125 39.15000152587890625 39.220001220703125 39.29000091552734375 39.40000152587890625 39.520000457763671875 39.619998931884765625 39.700000762939453125 39.810001373291015625
38.1699981689453125 38.04000091552734375 37.909999847412109375 37.6699981689453125 37.56999969482421875 37.490001678466796875 37.270000457763671875 37.470001220703125 37.470001220703125 37.43000030517578125 37.45999908447265625 37.470001220703125 37.490001678466796875 37.520000457763671875 37.529998779296875 37.54000091552734375 37.529998779296875 37.56999969482421875 37.549999237060546875 37.590000152587890625 37.68000030517578125 37.779998779296875 37.869998931884765625 37.970001220703125 38.06999969482421875 38.18000030517578125 38.259998321533203125 38.340000152587890625 38.43000030517578125 38.54000091552734375 38.59999847412109375 38.779998779296875 38.939998626708984375 39.09999847412109375 39.240001678466796875 39.3300018310546875 39.409999847412109375 39.549999237060546875 39.659999847412109375 39.759998321533203125 39.81999969482421875
38.060001373291015625 37.840000152587890625 37.6100006103515625 37.56999969482421875 37.45999908447265625 37.3600006103515625 37.40000152587890625 37.40000152587890625 37.450000762939453125 37.450000762939453125 37.450000762939453125 37.439998626708984375 37.490001678466796875 37.5 37.520000457763671875 37.520000457763671875 37.529998779296875 37.520000457763671875 37.529998779296875 37.630001068115234375 37.70999908447265625 37.810001373291015625 37.8600006103515625 37.970001220703125 38.090000152587890625 38.200000762939453125 38.310001373291015625 38.369998931884765625 38.479999542236328125 38.6399993896484375 38.720001220703125 38.840000152587890625 38.970001220703125 39.1399993896484375 39.29000091552734375 39.4199981689453125 39.5 39.59999847412109375 39.689998626708984375 39.779998779296875 39.8899993896484375
